-0.671387 0.732178 -0.151611
-0.667236 0.733154 -0.149658
-0.670898 0.731445 -0.151367
-0.670410 0.732666 -0.150391
-0.667969 0.733643 -0.150391
-0.670654 0.734863 -0.145752
-0.670166 0.731445 -0.148193
-0.669922 0.732178 -0.148926
-0.668945 0.727539 -0.149414
-0.671387 0.731445 -0.149170
-0.672119 0.730957 -0.147949
-0.672607 0.731201 -0.147949
-0.668945 0.731201 -0.149414
-0.671387 0.731689 -0.149414
-0.670166 0.732666 -0.151611
-0.669189 0.730713 -0.151367
-0.669434 0.730713 -0.151123
-0.671143 0.729980 -0.151123
-0.671631 0.728516 -0.150391
-0.668457 0.729980 -0.150879
-0.670410 0.730469 -0.149414
-0.672852 0.733398 -0.147949
-0.669434 0.734375 -0.150146
-0.668457 0.731934 -0.145752
-0.669189 0.731934 -0.147217
-0.666260 0.727539 -0.149658
-0.668213 0.734131 -0.145996
-0.667969 0.730713 -0.146484
-0.668213 0.734131 -0.145020
-0.665283 0.736328 -0.148193
-0.669434 0.734619 -0.148926
-0.668701 0.733643 -0.147949
-0.667236 0.734619 -0.147217
-0.667969 0.736572 -0.147949
-0.666992 0.734375 -0.146729
-0.666992 0.734131 -0.150146
-0.666260 0.732666 -0.150146
-0.667725 0.735596 -0.145264
-0.671387 0.731689 -0.148438
-0.669189 0.732666 -0.147461
-0.668701 0.731201 -0.149170
-0.668945 0.734131 -0.147217
-0.668701 0.731445 -0.147461
-0.668213 0.734131 -0.147461
-0.670898 0.732910 -0.146240
-0.670410 0.729736 -0.148438
-0.669189 0.729004 -0.148438
-0.669922 0.730713 -0.147217
-0.667725 0.730713 -0.144043
-0.668945 0.734375 -0.148682
-0.668213 0.731934 -0.146729
-0.666016 0.732666 -0.148438
-0.669678 0.734619 -0.148193
-0.667480 0.734619 -0.145508
-0.667969 0.735107 -0.146729
-0.668457 0.736084 -0.146973
-0.666504 0.731445 -0.146240
-0.665283 0.735596 -0.148193
-0.666016 0.738281 -0.150146
-0.666748 0.734863 -0.150635
-0.670166 0.733643 -0.148438
-0.667725 0.732178 -0.147949
-0.670898 0.732178 -0.151367
-0.669189 0.732666 -0.147217
-0.669678 0.735596 -0.146973
-0.667969 0.732666 -0.147705
-0.668457 0.733154 -0.146973
-0.669922 0.730469 -0.146484
-0.669922 0.733154 -0.145996
-0.667480 0.732910 -0.145996
-0.666992 0.731445 -0.145264
-0.667480 0.730469 -0.145508
-0.669678 0.732178 -0.145996
-0.670898 0.729492 -0.147461
-0.670410 0.729736 -0.146729
-0.671387 0.730469 -0.147217
-0.669922 0.733643 -0.145508
-0.671143 0.731689 -0.146484
-0.671631 0.733398 -0.145996
-0.671631 0.731201 -0.146484
-0.667969 0.731689 -0.149414
-0.667725 0.733887 -0.147461
-0.669434 0.735352 -0.146484
-0.666748 0.734131 -0.147217
-0.667969 0.734375 -0.145996
-0.668457 0.733643 -0.146484
-0.666748 0.736572 -0.145996
-0.667480 0.735840 -0.144775
-0.665283 0.733154 -0.140381
-0.668457 0.735107 -0.144775
-0.667480 0.736084 -0.142334
-0.669922 0.733887 -0.146484
-0.669189 0.734619 -0.143555
-0.671631 0.732422 -0.145020
-0.668945 0.732666 -0.146484
-0.666504 0.731201 -0.148682
-0.669189 0.732666 -0.147705
-0.668457 0.732666 -0.145752
-0.668457 0.730225 -0.144043
-0.670410 0.731689 -0.147705
-0.671143 0.732178 -0.145508
-0.668701 0.732910 -0.147217
-0.671875 0.731201 -0.146240
-0.669678 0.731689 -0.145752
-0.670654 0.728027 -0.145996
-0.670654 0.730713 -0.149170
-0.669434 0.732666 -0.147461
-0.670898 0.732666 -0.149902
-0.671143 0.732910 -0.148926
-0.671143 0.732910 -0.145264
-0.670166 0.731201 -0.148438
-0.668457 0.733643 -0.145264
-0.669434 0.730469 -0.147705
-0.668945 0.732422 -0.145264
-0.670410 0.733643 -0.143555
-0.668701 0.733643 -0.145020
-0.668701 0.733643 -0.145020
-0.668701 0.733643 -0.145020
-0.665771 0.736084 -0.144043
-0.664062 0.736084 -0.146240
-0.666992 0.737549 -0.146240
-0.667236 0.735107 -0.145996
-0.665527 0.740723 -0.145752
-0.664307 0.736816 -0.147461
-0.665283 0.734375 -0.146973
-0.668701 0.736328 -0.148193
-0.670166 0.737305 -0.147705
-0.666504 0.736084 -0.146729
-0.665771 0.733887 -0.148193
-0.666016 0.734619 -0.150391
-0.666748 0.732422 -0.148193
-0.671387 0.731445 -0.146240
-0.671387 0.727539 -0.151855
-0.676514 0.724365 -0.145752
-0.675537 0.728271 -0.146729
-0.669678 0.729980 -0.145020
-0.669678 0.728516 -0.143555
-0.668213 0.729492 -0.144775
-0.668213 0.729492 -0.144775
-0.667236 0.732178 -0.145020
-0.668701 0.733887 -0.146729
-0.665283 0.732422 -0.147217
-0.669189 0.730957 -0.145752
-0.670166 0.729004 -0.147949
-0.670410 0.735596 -0.145264
-0.668945 0.738525 -0.143555
-0.667969 0.735352 -0.141602
-0.666992 0.735596 -0.143799
-0.666992 0.735596 -0.143799
-0.669189 0.735840 -0.143799
-0.668945 0.735107 -0.141357
-0.671143 0.733154 -0.141602
-0.670410 0.731934 -0.144043
-0.667969 0.731201 -0.142334
-0.672852 0.731201 -0.143311
-0.670654 0.730957 -0.143799
-0.671387 0.730957 -0.144775
-0.670410 0.732178 -0.141357
-0.670166 0.729736 -0.144531
-0.672607 0.730225 -0.145996
-0.671631 0.729980 -0.143799
-0.669678 0.730713 -0.141846
-0.671631 0.731201 -0.138672
-0.669434 0.732910 -0.141113
-0.666748 0.733643 -0.141846
-0.668457 0.730957 -0.146484
-0.668701 0.731201 -0.145264
-0.671631 0.730713 -0.144775
-0.673096 0.730713 -0.146973
-0.672363 0.730469 -0.143555
-0.673584 0.733643 -0.141846
-0.669189 0.733887 -0.143311
-0.669189 0.734375 -0.143555
-0.670166 0.734375 -0.143555
-0.669922 0.733398 -0.143799
-0.671143 0.735107 -0.145752
-0.667480 0.734863 -0.145508
-0.666504 0.734375 -0.145020
-0.663818 0.735596 -0.148193
-0.666016 0.735840 -0.151367
-0.666748 0.739014 -0.150391
-0.670166 0.737061 -0.147949
-0.668945 0.736084 -0.150879
-0.666260 0.735352 -0.147217
-0.666260 0.734375 -0.146973
-0.668213 0.730469 -0.149414
-0.666748 0.729248 -0.148926
-0.670898 0.727539 -0.151123
-0.676758 0.725830 -0.146973
-0.676758 0.725830 -0.146973
-0.677246 0.727051 -0.148682
-0.672607 0.725830 -0.144287
-0.674072 0.728271 -0.148438
-0.677246 0.725342 -0.148926
-0.676758 0.725098 -0.147461
-0.673828 0.724609 -0.143555
-0.672119 0.727295 -0.143066
-0.672119 0.729004 -0.146240
-0.669678 0.731201 -0.149170
-0.670898 0.732422 -0.145752
-0.671387 0.731445 -0.145752
-0.673096 0.729980 -0.146240
-0.671387 0.730957 -0.144531
-0.667725 0.734375 -0.146729
-0.667480 0.735596 -0.145752
-0.670166 0.733887 -0.147461
-0.668701 0.733154 -0.144043
-0.670654 0.732178 -0.144775
-0.669678 0.730225 -0.146240
-0.670654 0.732666 -0.143799
-0.670898 0.732422 -0.146240
-0.669678 0.731201 -0.145996
-0.668945 0.735840 -0.143311
-0.671387 0.730957 -0.145264
-0.670410 0.732666 -0.145264
-0.672119 0.734131 -0.143555
-0.672363 0.732422 -0.142334
-0.671143 0.732910 -0.142334
-0.670654 0.732422 -0.144287
-0.669922 0.733154 -0.143066
-0.667969 0.732178 -0.142334
-0.670654 0.735596 -0.142090
-0.669189 0.735107 -0.145020
-0.669434 0.734375 -0.145020
-0.669922 0.734131 -0.145752
-0.673584 0.733887 -0.144775
-0.671631 0.732422 -0.145752
-0.671631 0.731445 -0.145996
-0.670654 0.730469 -0.147949
-0.671387 0.730225 -0.145264
-0.670410 0.729492 -0.144287
-0.668213 0.730469 -0.142822
-0.670898 0.731934 -0.144775
-0.672852 0.730469 -0.145996
-0.673584 0.729736 -0.143799
-0.674316 0.727783 -0.141113
-0.672363 0.730469 -0.144531
-0.673096 0.729004 -0.142822
-0.673096 0.729004 -0.142822
-0.674805 0.728760 -0.142822
-0.673096 0.729736 -0.140381
-0.673096 0.728760 -0.141602
-0.672363 0.728516 -0.140625
-0.675049 0.731201 -0.139404
-0.671875 0.729980 -0.140137
-0.671631 0.728027 -0.143066
-0.675781 0.730225 -0.143799
-0.676270 0.728516 -0.143555
-0.674805 0.728516 -0.142822
-0.673584 0.727051 -0.144531
-0.673584 0.727051 -0.144531
-0.669678 0.729248 -0.143799
-0.670898 0.729248 -0.144043
-0.674072 0.730957 -0.146973
-0.671631 0.728516 -0.148438
-0.674561 0.728271 -0.146240
-0.672607 0.730957 -0.145264
-0.673340 0.728027 -0.143799
-0.669189 0.734131 -0.144531
-0.671387 0.730225 -0.142334
-0.673096 0.734131 -0.143799
-0.670654 0.733398 -0.141846
-0.671143 0.731201 -0.143555
-0.671143 0.731201 -0.143555
-0.666992 0.733887 -0.142578
-0.671143 0.735596 -0.143799
-0.672852 0.732178 -0.143799
-0.670166 0.732666 -0.141602
-0.673096 0.730713 -0.144531
-0.668701 0.732178 -0.142822
-0.671143 0.732422 -0.145264
-0.669922 0.731934 -0.142090
-0.672607 0.733154 -0.142822
-0.668945 0.730713 -0.140625
-0.671143 0.731689 -0.141113
-0.674805 0.733154 -0.139404
-0.673096 0.732178 -0.144287
-0.672607 0.734375 -0.139160
-0.671631 0.729492 -0.141113
-0.672119 0.728271 -0.143799
-0.674316 0.731689 -0.142090
-0.674316 0.731689 -0.142090
-0.672363 0.731689 -0.145508
-0.671631 0.731445 -0.144775
-0.673584 0.731689 -0.147217
-0.673096 0.733398 -0.146240
-0.669922 0.732178 -0.143066
-0.671631 0.732666 -0.145508
-0.672119 0.730713 -0.146240
-0.671631 0.730469 -0.144043
-0.673584 0.727295 -0.144043
-0.673584 0.727295 -0.144043
-0.672119 0.729980 -0.143066
-0.669678 0.731201 -0.142822
-0.671387 0.730957 -0.142090
-0.671631 0.730713 -0.143799
-0.674805 0.729492 -0.143066
-0.671387 0.729248 -0.141846
-0.672363 0.729492 -0.145264
-0.672607 0.727295 -0.142090
-0.672607 0.727295 -0.141846
-0.672363 0.730225 -0.143555
-0.672363 0.730225 -0.143555
-0.672852 0.730469 -0.144531
-0.672119 0.729980 -0.143311
-0.673096 0.728760 -0.142822
-0.674561 0.730957 -0.144287
-0.672119 0.729736 -0.145996
-0.671631 0.729492 -0.143555
-0.673584 0.729004 -0.141846
-0.672607 0.729980 -0.141602
-0.670898 0.728760 -0.146484
-0.670898 0.728760 -0.146484
-0.673828 0.730957 -0.144287
-0.675781 0.729492 -0.145020
-0.670654 0.727783 -0.143799
-0.674072 0.730225 -0.140625
-0.674072 0.730225 -0.140625
-0.674072 0.730225 -0.140625
-0.671631 0.732422 -0.140137
-0.670410 0.730225 -0.139404
-0.670898 0.730713 -0.142822
-0.670898 0.730713 -0.142822
-0.673096 0.729248 -0.145020
-0.672119 0.731934 -0.143066
-0.672852 0.729736 -0.145020
-0.671631 0.728760 -0.144287
-0.670898 0.729980 -0.141602
-0.673340 0.730469 -0.141357
-0.671143 0.730957 -0.141846
-0.673096 0.731445 -0.141846
-0.672607 0.729492 -0.141357
-0.672363 0.731201 -0.142090
-0.668945 0.730225 -0.145508
-0.670166 0.728027 -0.143311
-0.672607 0.729980 -0.143555
-0.672852 0.729004 -0.143066
-0.675537 0.729004 -0.142578
-0.676270 0.728760 -0.142090
-0.674072 0.729248 -0.144531
-0.670166 0.727539 -0.146973
-0.674561 0.729980 -0.144043
-0.671631 0.728516 -0.144531
-0.675293 0.731445 -0.146973
-0.674072 0.731445 -0.142090
-0.675537 0.729248 -0.141602
-0.673828 0.732910 -0.140625
-0.671387 0.730469 -0.143066
-0.670166 0.731445 -0.141846
-0.675293 0.732666 -0.141602
-0.672363 0.729736 -0.139893
-0.670166 0.731934 -0.144287
-0.672607 0.729248 -0.141113
-0.676758 0.733154 -0.142090
-0.673828 0.729248 -0.142578
-0.674072 0.728027 -0.144775
-0.675293 0.730713 -0.142090
-0.673340 0.728516 -0.145020
-0.671875 0.727783 -0.139893
-0.674072 0.726807 -0.142822
-0.674561 0.728516 -0.145996
-0.674072 0.728516 -0.144531
-0.675293 0.729736 -0.144287
-0.675293 0.729736 -0.144287
-0.673584 0.728516 -0.144043
-0.673340 0.730713 -0.143066
-0.673096 0.729248 -0.144775
-0.673584 0.730713 -0.143311
-0.674561 0.732666 -0.139404
-0.674561 0.730713 -0.143311
-0.673584 0.730713 -0.141846
-0.671631 0.729980 -0.142090
-0.670898 0.730713 -0.143555
-0.670898 0.730713 -0.143555
-0.674072 0.729248 -0.144287
-0.674561 0.726807 -0.144531
-0.671631 0.724121 -0.143799
-0.672852 0.727295 -0.139404
-0.673828 0.727783 -0.146729
-0.674561 0.728760 -0.144775
-0.671631 0.728516 -0.143555
-0.673340 0.728760 -0.142578
-0.671387 0.727783 -0.144531
-0.672363 0.728271 -0.143066
-0.671387 0.728027 -0.145020
-0.673096 0.728516 -0.142090
-0.673584 0.728760 -0.142334
-0.673584 0.728760 -0.142334
-0.670898 0.723633 -0.142822
-0.674561 0.726562 -0.142822
-0.674561 0.726562 -0.142822
-0.674561 0.726562 -0.142822
-0.674561 0.726562 -0.142822
-0.673584 0.727539 -0.141113
-0.674316 0.729736 -0.140381
-0.671143 0.732666 -0.140625
-0.673828 0.733643 -0.138184
-0.669922 0.734863 -0.139160
-0.672607 0.733643 -0.140137
-0.672363 0.737793 -0.137451
-0.672363 0.737793 -0.137451
-0.670654 0.737305 -0.143066
-0.669189 0.735596 -0.141846
-0.666992 0.733154 -0.143066
-0.666992 0.733154 -0.143066
-0.669678 0.732910 -0.143555
-0.670654 0.729492 -0.145996
-0.671387 0.730225 -0.143311
-0.671387 0.730225 -0.143311
-0.670410 0.730469 -0.145264
-0.670410 0.730469 -0.145264
-0.674316 0.726074 -0.148438
-0.674316 0.726074 -0.148438
-0.676758 0.723877 -0.148193
-0.675781 0.724365 -0.146484
-0.676025 0.725342 -0.146973
-0.679932 0.724609 -0.141602
-0.681152 0.727539 -0.146973
-0.675293 0.721924 -0.149414
-0.676514 0.725342 -0.149658
-0.676758 0.716797 -0.149658
-0.679199 0.720459 -0.145996
-0.684570 0.722168 -0.147217
-0.681641 0.722412 -0.143066
-0.679688 0.721191 -0.139404
-0.678467 0.722412 -0.140869
-0.677490 0.723145 -0.141602
-0.680664 0.725098 -0.141113
-0.681641 0.722412 -0.142090
-0.680908 0.725586 -0.139893
-0.675537 0.725098 -0.144775
-0.670410 0.728760 -0.144531
-0.669922 0.726318 -0.144287
-0.678955 0.729736 -0.145752
-0.676758 0.724121 -0.145752
-0.682373 0.735596 -0.142822
-0.666016 0.731934 -0.147461
-0.671631 0.729004 -0.146729
-0.670898 0.730469 -0.146729
-0.668945 0.729736 -0.143799
-0.670166 0.730225 -0.145996
-0.670166 0.730225 -0.145996
-0.670166 0.730225 -0.145996
-0.678955 0.726562 -0.143066
-0.679932 0.723877 -0.143799
-0.679932 0.723877 -0.143799
-0.679932 0.723877 -0.143799
-0.676025 0.725098 -0.144043
-0.678711 0.723389 -0.141846
-0.680908 0.721436 -0.143555
-0.680176 0.721924 -0.143066
-0.679688 0.722900 -0.143555
-0.679688 0.722900 -0.143555
-0.677979 0.726807 -0.138916
-0.678711 0.727051 -0.142822
-0.680420 0.724365 -0.141113
-0.679199 0.723389 -0.140625
-0.676270 0.725098 -0.140381
-0.677734 0.721436 -0.140869
-0.679688 0.723877 -0.145508
-0.679199 0.726318 -0.143555
-0.679443 0.726807 -0.141846
-0.676270 0.721191 -0.145264
-0.679688 0.724365 -0.142090
-0.676514 0.724609 -0.141602
-0.676758 0.725830 -0.140381
-0.675049 0.729004 -0.143555
-0.674316 0.725342 -0.145264
-0.674072 0.724121 -0.148193
-0.679199 0.727051 -0.144775
-0.676758 0.726562 -0.145020
-0.676025 0.727051 -0.145264
-0.674072 0.728027 -0.140381
-0.678711 0.725830 -0.139648
-0.679443 0.728271 -0.137939
-0.675781 0.728516 -0.144775
-0.671875 0.731689 -0.144775
-0.674805 0.728516 -0.146484
-0.676270 0.727295 -0.147217
-0.677490 0.723877 -0.145264
-0.677490 0.723877 -0.145264
-0.677490 0.723877 -0.145264
-0.677490 0.723877 -0.145264
-0.678467 0.727295 -0.141846
-0.669678 0.723145 -0.145508
-0.673096 0.720703 -0.148438
-0.673096 0.720703 -0.148438
-0.685547 0.727783 -0.144043
-0.685547 0.727783 -0.144043
-0.680420 0.727539 -0.147217
-0.675781 0.736572 -0.147705
-0.671387 0.738281 -0.144043
-0.667969 0.734863 -0.142822
-0.673340 0.729248 -0.138184
-0.669922 0.724121 -0.140625
-0.666748 0.723389 -0.142334
-0.666260 0.718018 -0.143555
-0.673340 0.713623 -0.140137
-0.682373 0.718262 -0.141602
-0.683838 0.725830 -0.139648
-0.681152 0.730225 -0.144043
-0.670166 0.744873 -0.145752
-0.659424 0.745117 -0.149170
-0.651367 0.736328 -0.156982
-0.662842 0.729980 -0.157227
-0.672363 0.719971 -0.155029
-0.672363 0.719971 -0.155029
-0.684814 0.722656 -0.150879
-0.684814 0.722656 -0.150879
-0.676270 0.732178 -0.146484
-0.676270 0.732178 -0.146484
-0.680176 0.720947 -0.148438
-0.687500 0.715332 -0.147949
-0.688965 0.715820 -0.144775
-0.692627 0.716064 -0.143311
-0.688721 0.719482 -0.141357
-0.688232 0.714844 -0.141602
-0.695312 0.714600 -0.144531
-0.687988 0.710449 -0.140869
-0.696777 0.704590 -0.145508
-0.700439 0.703369 -0.140625
-0.694336 0.707275 -0.141602
-0.694824 0.706299 -0.143066
-0.690674 0.708252 -0.141113
-0.688721 0.710205 -0.147949
-0.689941 0.711914 -0.148682
-0.689697 0.709229 -0.143799
-0.689697 0.709229 -0.143799
-0.689697 0.709229 -0.143799
-0.689697 0.709229 -0.143799
-0.687500 0.716797 -0.144287
-0.683838 0.714600 -0.147461
-0.684082 0.719482 -0.148193
-0.683350 0.717773 -0.143555
-0.680176 0.723145 -0.145508
-0.677979 0.731934 -0.140869
-0.671143 0.734131 -0.143799
-0.669678 0.732910 -0.146973
-0.674561 0.724854 -0.152344
-0.676758 0.724121 -0.152344
-0.680176 0.723633 -0.148682
-0.680176 0.726807 -0.145264
-0.679688 0.733887 -0.147949
-0.675049 0.736816 -0.146484
-0.670410 0.730469 -0.148682
-0.674561 0.727783 -0.151123
-0.678467 0.725098 -0.151367
-0.678467 0.725098 -0.151367
-0.685303 0.713623 -0.148926
-0.682861 0.717285 -0.151367
-0.683350 0.718750 -0.152832
-0.686035 0.711182 -0.155029
-0.694336 0.717041 -0.146729
-0.685791 0.720215 -0.141357
-0.685547 0.717285 -0.140869
-0.687256 0.715576 -0.142090
-0.687988 0.718750 -0.130859
-0.678467 0.716797 -0.141113
-0.687744 0.709229 -0.141357
-0.684570 0.711914 -0.141602
-0.685059 0.712891 -0.141357
-0.680176 0.713135 -0.152344
-0.682617 0.720215 -0.152832
-0.682373 0.725342 -0.153809
-0.683350 0.730225 -0.145752
-0.681885 0.731934 -0.145996
-0.683105 0.724854 -0.150635
-0.685791 0.724121 -0.139893
-0.685791 0.724121 -0.139893
-0.672607 0.726807 -0.145264
-0.671143 0.724609 -0.146729
-0.671631 0.723633 -0.143799
-0.674561 0.723877 -0.140625
-0.678711 0.720459 -0.144531
-0.685547 0.727295 -0.135986
-0.685791 0.728271 -0.139648
-0.682617 0.727539 -0.136963
-0.689697 0.722168 -0.142334
-0.683838 0.721924 -0.144043
-0.679199 0.726318 -0.133789
-0.680664 0.727295 -0.134033
-0.676514 0.728027 -0.136719
-0.673828 0.730469 -0.134766
-0.675537 0.729492 -0.132812
-0.677490 0.727295 -0.129395
-0.681396 0.721436 -0.131348
-0.682373 0.722168 -0.132568
-0.687256 0.718994 -0.133057
-0.689697 0.723389 -0.127441
-0.680664 0.729736 -0.122803
-0.679443 0.730957 -0.125244
-0.678711 0.729736 -0.125732
-0.675049 0.724609 -0.129395
-0.677734 0.722656 -0.125488
-0.677734 0.721436 -0.126953
-0.683105 0.717529 -0.124756
-0.681885 0.720703 -0.122314
-0.683594 0.725586 -0.119873
-0.684814 0.722168 -0.121094
-0.684814 0.722168 -0.121094
-0.682129 0.727051 -0.113525
-0.680176 0.717285 -0.111572
-0.680908 0.720703 -0.115479
-0.682617 0.718262 -0.121338
-0.684326 0.713867 -0.118652
-0.683350 0.712891 -0.119629
-0.687012 0.716064 -0.119873
-0.686768 0.718994 -0.127441
-0.686279 0.720947 -0.122070
-0.686768 0.721680 -0.124512
-0.687500 0.717285 -0.128906
-0.687500 0.719727 -0.123535
-0.684814 0.721680 -0.124268
-0.673828 0.724854 -0.127441
-0.669434 0.728027 -0.130127
-0.664307 0.731445 -0.136475
-0.663818 0.732422 -0.139648
-0.675049 0.733398 -0.139648
-0.678223 0.731445 -0.140137
-0.672852 0.735596 -0.142822
-0.674072 0.739014 -0.141846
-0.672363 0.738281 -0.143799
-0.672363 0.739502 -0.144531
-0.674561 0.735840 -0.135254
-0.679443 0.729736 -0.131348
-0.681885 0.720459 -0.127930
-0.676514 0.717041 -0.129150
-0.672119 0.720459 -0.132080
-0.671875 0.725586 -0.129883
-0.671875 0.725586 -0.129883
-0.672852 0.719238 -0.141846
-0.673340 0.723877 -0.149658
-0.676758 0.726318 -0.149902
-0.681885 0.726074 -0.148193
-0.692139 0.723877 -0.145020
-0.687744 0.717773 -0.152588
-0.683594 0.717285 -0.160400
-0.681152 0.715332 -0.155762
-0.682861 0.718506 -0.147949
-0.680176 0.723633 -0.135986
-0.680908 0.723145 -0.134766
-0.674561 0.724609 -0.137451
-0.676758 0.725830 -0.143066
-0.674561 0.728271 -0.140625
-0.675293 0.726318 -0.142090
-0.686279 0.726074 -0.134277
-0.687500 0.718506 -0.138184
-0.684570 0.721191 -0.133545
-0.680664 0.732178 -0.128418
-0.674805 0.737793 -0.124756
-0.670654 0.734375 -0.133301
-0.670166 0.732910 -0.138428
-0.673096 0.729004 -0.146240
-0.676025 0.725586 -0.143555
-0.682861 0.719238 -0.138672
-0.689941 0.715576 -0.142822
-0.690430 0.722168 -0.134521
-0.675049 0.723145 -0.138916
-0.678711 0.730469 -0.137451
-0.678711 0.739990 -0.125488
-0.675781 0.733887 -0.131836
-0.666504 0.725830 -0.150146
-0.667480 0.725830 -0.152588
-0.672607 0.712402 -0.143555
-0.685059 0.706299 -0.145996
-0.699463 0.705566 -0.143799
-0.696777 0.712891 -0.139893
-0.689453 0.722900 -0.137939
-0.687744 0.726074 -0.137451
-0.689209 0.729004 -0.122070
-0.683594 0.725830 -0.121826
-0.677002 0.721191 -0.129395
-0.672852 0.718018 -0.134277
-0.672363 0.716553 -0.139648
-0.676514 0.720703 -0.141846
-0.669678 0.721924 -0.149170
-0.673828 0.730713 -0.151367
-0.675293 0.732666 -0.154785
-0.675293 0.732666 -0.154785
-0.671387 0.740234 -0.148438
-0.673096 0.734863 -0.150391
-0.675781 0.739014 -0.149658
-0.673584 0.738037 -0.151123
-0.674072 0.736816 -0.153809
-0.671387 0.735107 -0.149170
-0.672852 0.730225 -0.147461
-0.675049 0.727783 -0.147217
-0.673096 0.729248 -0.151611
-0.669678 0.729004 -0.150879
-0.669189 0.727051 -0.144287
-0.676514 0.724609 -0.140137
-0.680908 0.721191 -0.143555
-0.680664 0.721436 -0.137451
-0.682373 0.719971 -0.138428
-0.683594 0.718994 -0.133789
-0.684326 0.714844 -0.132812
-0.682129 0.713867 -0.134033
-0.683105 0.711670 -0.128906
-0.687988 0.712646 -0.133301
-0.692627 0.710938 -0.134521
-0.688477 0.713867 -0.137695
-0.686768 0.717285 -0.139160
-0.682129 0.716553 -0.138184
-0.684326 0.719238 -0.143311
-0.683594 0.720703 -0.141357
-0.680664 0.724121 -0.137939
-0.678955 0.726318 -0.143311
-0.680420 0.729248 -0.144287
-0.681641 0.728516 -0.145508
-0.681396 0.729248 -0.146484
-0.678955 0.726562 -0.143555
-0.678223 0.725342 -0.147705
-0.680664 0.734375 -0.139404
-0.666748 0.725098 -0.150635
-0.672119 0.724609 -0.146729
-0.677979 0.722168 -0.146484
-0.678955 0.720703 -0.143555
-0.685547 0.720947 -0.145508
-0.684814 0.723389 -0.140381
-0.680908 0.722656 -0.143311
-0.682617 0.722656 -0.137695
-0.681885 0.719238 -0.138916
-0.681641 0.718994 -0.135742
-0.678955 0.717041 -0.142334
-0.681152 0.718018 -0.140137
-0.680908 0.720947 -0.142334
-0.683838 0.722656 -0.141846
-0.682617 0.723877 -0.143066
-0.681885 0.725830 -0.144043
-0.677246 0.725098 -0.140869
-0.675781 0.727783 -0.140869
-0.677246 0.725098 -0.142822
-0.678223 0.724121 -0.142334
-0.678955 0.723389 -0.140869
-0.679199 0.722168 -0.143311
-0.682617 0.723633 -0.143066
-0.682617 0.723633 -0.143066
-0.680176 0.724854 -0.144531
-0.679688 0.721680 -0.139893
-0.680908 0.721924 -0.140381
-0.679199 0.724365 -0.143555
-0.679199 0.724365 -0.143555
-0.679199 0.724365 -0.143555
-0.679199 0.724365 -0.143555
-0.681641 0.725098 -0.145508
-0.679932 0.721436 -0.145508
-0.678955 0.726074 -0.141113
-0.677002 0.723145 -0.141357
-0.677490 0.722168 -0.145996
-0.680664 0.720947 -0.144775
-0.680664 0.720947 -0.144775
-0.682617 0.722168 -0.140625
-0.680664 0.725830 -0.140381
-0.679443 0.724121 -0.139893
-0.679443 0.722168 -0.139893
-0.679443 0.722168 -0.139893
-0.683105 0.721680 -0.142822
-0.680908 0.725098 -0.139160
-0.680908 0.725098 -0.139160
-0.677490 0.725342 -0.140381
-0.682129 0.721191 -0.141357
-0.680664 0.720947 -0.145508
-0.677002 0.722900 -0.143799
-0.682373 0.721436 -0.139648
-0.683594 0.721924 -0.140625
-0.684814 0.722168 -0.139404
-0.680908 0.723145 -0.141602
-0.680176 0.723877 -0.144531
-0.679199 0.722168 -0.141113
-0.682617 0.717529 -0.140381
-0.680908 0.714844 -0.146240
-0.685547 0.717041 -0.146729
-0.680176 0.718506 -0.147217
-0.681152 0.717529 -0.145996
-0.684082 0.716064 -0.143066
-0.684082 0.715332 -0.145752
-0.683838 0.715576 -0.146973
-0.680908 0.718262 -0.155029
-0.681641 0.716797 -0.152588
-0.677734 0.721436 -0.157715
-0.677490 0.724609 -0.153076
-0.672363 0.727783 -0.154785
-0.671875 0.728027 -0.155762
-0.672119 0.729980 -0.155029
-0.675049 0.726562 -0.152832
-0.678223 0.727051 -0.149658
-0.680176 0.727783 -0.148682
-0.680664 0.728516 -0.145996
-0.680420 0.730469 -0.140625
-0.675781 0.727539 -0.133545
-0.676025 0.727051 -0.143066
-0.674805 0.725830 -0.148438
-0.675293 0.724854 -0.149414
-0.680664 0.718994 -0.152832
-0.685059 0.721191 -0.155518
-0.685547 0.720703 -0.153564
-0.685791 0.723633 -0.152832
-0.676514 0.726562 -0.156494
-0.669678 0.728027 -0.152344
-0.670410 0.726074 -0.156006
-0.674805 0.713867 -0.165283
-0.681641 0.706055 -0.161377
-0.680908 0.718018 -0.155762
-0.673828 0.733643 -0.146729
-0.666016 0.742920 -0.152344
-0.657715 0.749268 -0.155762
-0.657715 0.754395 -0.156250
-0.655273 0.745361 -0.148682
-0.669189 0.737061 -0.143555
-0.675049 0.730957 -0.138916
-0.674072 0.728516 -0.143555
-0.667725 0.736572 -0.141846
-0.660156 0.747070 -0.140869
-0.661377 0.743164 -0.137207
-0.662354 0.735596 -0.143066
-0.664551 0.736816 -0.140869
-0.673340 0.733887 -0.135010
-0.675293 0.732422 -0.140137
-0.679443 0.732666 -0.135986
-0.675537 0.731445 -0.132568
-0.676025 0.726807 -0.130371
-0.679932 0.722900 -0.129639
-0.677734 0.724609 -0.127441
-0.671631 0.728271 -0.128906
-0.671631 0.728271 -0.128906
-0.670898 0.725586 -0.128662
-0.673340 0.726562 -0.130615
-0.676758 0.727295 -0.130127
-0.679443 0.725342 -0.127441
-0.678711 0.729248 -0.129639
-0.668701 0.731445 -0.131104
-0.665283 0.726562 -0.136719
-0.668701 0.729248 -0.139648
-0.673828 0.730957 -0.140381
-0.679932 0.734131 -0.135254
-0.677979 0.732422 -0.129883
-0.676270 0.730225 -0.128662
-0.668213 0.732422 -0.128418
-0.666992 0.730713 -0.133301
-0.667236 0.726562 -0.140137
-0.672363 0.734619 -0.137939
-0.671143 0.733398 -0.140137
-0.676514 0.733398 -0.139404
-0.671875 0.733398 -0.145752
-0.672363 0.736328 -0.137695
-0.675293 0.730957 -0.137207
-0.678467 0.728516 -0.139893
-0.679932 0.731934 -0.139404
-0.677490 0.730957 -0.141113
-0.673340 0.733398 -0.148682
-0.670166 0.733643 -0.148682
-0.669434 0.733154 -0.145996
-0.667480 0.732666 -0.145996
-0.667236 0.726807 -0.149170
-0.673096 0.727539 -0.146973
-0.680176 0.721436 -0.147217
-0.685059 0.722656 -0.144775
-0.676758 0.729248 -0.142822
-0.671143 0.732178 -0.142822
-0.673584 0.727783 -0.147705
-0.675781 0.720703 -0.146729
-0.670654 0.725098 -0.146973
-0.668457 0.726562 -0.143555
-0.679199 0.723145 -0.141357
-0.686035 0.716797 -0.136475
-0.682617 0.720459 -0.141602
-0.678711 0.727295 -0.141602
-0.672363 0.726807 -0.142822
-0.675537 0.718262 -0.141846
-0.677490 0.720215 -0.144043
-0.678223 0.729004 -0.135010
-0.671631 0.731201 -0.142822
-0.670654 0.733643 -0.143066
-0.674316 0.729248 -0.138184
-0.680664 0.721924 -0.138672
-0.682373 0.716309 -0.141602
-0.677002 0.721680 -0.140869
-0.675293 0.728271 -0.142334
-0.677734 0.729248 -0.140137
-0.681885 0.730957 -0.131592
-0.678223 0.731689 -0.128418
-0.669922 0.735596 -0.127930
-0.660889 0.730957 -0.148682
-0.663330 0.728516 -0.154541
-0.672607 0.730225 -0.150879
-0.684570 0.716553 -0.148438
-0.688965 0.715332 -0.155518
-0.680664 0.722412 -0.149414
-0.678467 0.732422 -0.150146
-0.681641 0.730225 -0.136230
-0.685791 0.731201 -0.129639
-0.680176 0.723145 -0.137939
-0.673340 0.723633 -0.155518
-0.671631 0.720215 -0.151611
-0.680908 0.710938 -0.152100
-0.692139 0.708008 -0.139404
-0.696045 0.718750 -0.138184
-0.684570 0.731689 -0.130859
-0.683594 0.732178 -0.132080
-0.687256 0.722656 -0.134033
-0.683105 0.721680 -0.135742
-0.681641 0.711914 -0.144775
-0.677979 0.709717 -0.147461
-0.677246 0.712158 -0.145508
-0.680664 0.714355 -0.143066
-0.677979 0.721680 -0.148193
-0.685303 0.720215 -0.140137
-0.692139 0.720703 -0.141357
-0.693848 0.716553 -0.144043
-0.693604 0.721924 -0.142822
-0.684326 0.725342 -0.140869
-0.680420 0.729492 -0.138428
-0.673340 0.722656 -0.136963
-0.672363 0.721191 -0.139893
-0.674561 0.726318 -0.138672
-0.666992 0.729736 -0.149658
-0.662598 0.734863 -0.154053
-0.662109 0.736572 -0.156494
-0.661621 0.736816 -0.160889
-0.664795 0.739258 -0.161865
-0.674805 0.741211 -0.159424
-0.679199 0.733154 -0.157715
-0.675781 0.730713 -0.157471
-0.675049 0.724854 -0.157959
-0.675293 0.724365 -0.156494
-0.673340 0.724365 -0.151123
-0.673340 0.724365 -0.151123
-0.679688 0.720459 -0.146484
-0.681152 0.719727 -0.142822
-0.680908 0.719482 -0.145020
-0.684570 0.721436 -0.141113
-0.680908 0.721680 -0.144043
-0.680908 0.722656 -0.138916
-0.682373 0.721191 -0.139160
-0.684814 0.715332 -0.142578
-0.683838 0.717529 -0.139648
-0.682861 0.718994 -0.136963
-0.685303 0.724121 -0.139648
-0.679443 0.720947 -0.141846
-0.677246 0.720947 -0.145508
-0.680908 0.719727 -0.146484
-0.681152 0.717041 -0.146729
-0.678467 0.719238 -0.148926
-0.678467 0.724121 -0.149414
-0.680176 0.721436 -0.147217
-0.679443 0.721924 -0.146484
-0.684082 0.723633 -0.141357
-0.680176 0.723145 -0.145020
-0.676270 0.722900 -0.144531
-0.676514 0.725342 -0.143311
-0.673584 0.721436 -0.148193
-0.677734 0.722656 -0.153076
-0.677734 0.724854 -0.150391
-0.678223 0.727051 -0.153076
-0.675781 0.727295 -0.154541
-0.677979 0.727295 -0.152100
-0.677002 0.729492 -0.151367
-0.677002 0.729492 -0.151367
-0.674561 0.731445 -0.150391
-0.672119 0.730957 -0.147949
-0.671875 0.728271 -0.144287
-0.671631 0.729736 -0.146484
-0.670654 0.731201 -0.146729
-0.674805 0.729492 -0.148438
-0.673340 0.728271 -0.149414
-0.672607 0.726562 -0.146240
-0.673828 0.728271 -0.148682
-0.673584 0.723877 -0.150635
-0.677246 0.728516 -0.144775
-0.677979 0.728516 -0.146484
-0.673584 0.727051 -0.145020
-0.675537 0.724609 -0.148682
-0.675293 0.723145 -0.149658
-0.676514 0.721680 -0.151855
-0.676270 0.723877 -0.147217
-0.678955 0.722168 -0.146729
-0.676270 0.728760 -0.146240
-0.677490 0.729248 -0.143555
-0.677490 0.729248 -0.143555
-0.672852 0.729492 -0.149414
-0.670898 0.733398 -0.148682
-0.669434 0.732178 -0.150391
-0.667480 0.736572 -0.148438
-0.662354 0.739258 -0.151855
-0.659912 0.739014 -0.152832
-0.663330 0.741455 -0.150635
-0.669434 0.736328 -0.148926
-0.670166 0.732178 -0.153320
-0.668701 0.734131 -0.154053
-0.669434 0.731201 -0.154053
-0.670654 0.729004 -0.151611
-0.670898 0.729736 -0.153564
-0.672119 0.728027 -0.152100
-0.674072 0.724609 -0.148193
-0.676270 0.725098 -0.149902
-0.679443 0.722168 -0.149170
-0.678955 0.724609 -0.145508
-0.679199 0.725586 -0.146484
-0.679199 0.725586 -0.146484
-0.680908 0.717529 -0.147705
-0.678223 0.725098 -0.146484
-0.674561 0.723877 -0.148682
-0.676514 0.721924 -0.146484
-0.677490 0.725830 -0.148438
-0.673828 0.725342 -0.149902
-0.673340 0.730713 -0.147217
-0.671631 0.730957 -0.150391
-0.672852 0.732666 -0.147705
-0.671143 0.729004 -0.150879
-0.672607 0.733887 -0.147705
-0.672119 0.732910 -0.149902
-0.670654 0.730469 -0.153076
-0.670166 0.729248 -0.156982
-0.669922 0.730469 -0.155518
-0.671875 0.731689 -0.153809
-0.669189 0.731445 -0.150635
-0.671387 0.731689 -0.153809
-0.672607 0.729492 -0.151123
-0.674561 0.730713 -0.149658
-0.675781 0.729248 -0.150146
-0.672607 0.727051 -0.146973
-0.669434 0.726807 -0.144287
-0.671875 0.730713 -0.144775
-0.672119 0.731934 -0.145752
-0.674805 0.730957 -0.146729
-0.676270 0.728516 -0.143066
-0.677246 0.727295 -0.145752
-0.675537 0.728760 -0.146973
-0.679688 0.720215 -0.149170
-0.677002 0.718750 -0.151611
-0.674805 0.725586 -0.146973
-0.674805 0.725586 -0.146484
-0.674805 0.724854 -0.151855
-0.674805 0.726807 -0.147461
-0.673828 0.725342 -0.149658
-0.676514 0.726074 -0.147949
-0.678711 0.722168 -0.147217
-0.677734 0.721680 -0.149658
-0.677979 0.725342 -0.147705
-0.677490 0.727295 -0.147949
-0.678223 0.728271 -0.144043
-0.677979 0.729248 -0.146729
-0.678223 0.728760 -0.146973
-0.674316 0.727539 -0.149414
-0.678467 0.726074 -0.144043
-0.678711 0.723877 -0.151367
-0.679443 0.721191 -0.152588
-0.676025 0.725586 -0.151123
-0.674072 0.728271 -0.150146
-0.669678 0.730469 -0.149658
-0.673340 0.730225 -0.148926
-0.678223 0.726318 -0.151611
-0.679932 0.722900 -0.151611
-0.686035 0.717285 -0.152344
-0.688965 0.716309 -0.149902
-0.687988 0.712891 -0.144531
-0.679932 0.712402 -0.149658
-0.680420 0.721191 -0.147949
-0.680664 0.720215 -0.149902
-0.679199 0.713135 -0.151123
-0.687012 0.717041 -0.151855
-0.689697 0.718262 -0.148682
-0.686035 0.718750 -0.146729
-0.680908 0.723389 -0.146240
-0.675537 0.722656 -0.148926
-0.675293 0.720947 -0.154053
-0.681152 0.720215 -0.153076
-0.680664 0.719727 -0.152588
-0.681396 0.722900 -0.149414
-0.680420 0.722900 -0.150391
-0.680420 0.722900 -0.150391
-0.680420 0.722900 -0.150391
-0.681152 0.721680 -0.150391
-0.680908 0.724854 -0.147705
-0.680908 0.724854 -0.147705
-0.680908 0.720947 -0.152344
-0.680908 0.720947 -0.152344
-0.671875 0.726318 -0.154053
-0.676270 0.722168 -0.155518
-0.675049 0.721924 -0.153564
-0.676025 0.723633 -0.155762
-0.680420 0.723145 -0.151367
-0.681396 0.721191 -0.153320
-0.681885 0.724854 -0.153809
-0.676270 0.727539 -0.149658
-0.673096 0.729492 -0.155029
-0.670166 0.729004 -0.154541
-0.669434 0.727051 -0.147461
-0.673096 0.726074 -0.143066
-0.668701 0.729736 -0.148926
-0.669678 0.729004 -0.146729
-0.669922 0.726807 -0.158691
-0.676758 0.730469 -0.144287
-0.675537 0.730225 -0.146729
-0.676270 0.735107 -0.140137
-0.675781 0.733154 -0.141602
-0.670898 0.731689 -0.143799
-0.672852 0.727295 -0.146484
-0.672119 0.728271 -0.139893
-0.676514 0.726562 -0.138672
-0.680908 0.726562 -0.137695
-0.682617 0.719727 -0.141357
-0.677979 0.720947 -0.144531
-0.679688 0.722412 -0.142822
-0.681885 0.723145 -0.135742
-0.683838 0.724365 -0.130615
-0.683594 0.720947 -0.131348
-0.684326 0.718750 -0.137207
-0.682861 0.720459 -0.138916
-0.683105 0.717773 -0.138184
-0.679199 0.719727 -0.136963
-0.673828 0.726807 -0.138672
-0.677979 0.730469 -0.140137
-0.679932 0.730469 -0.138916
-0.680664 0.729248 -0.139404
-0.676758 0.724365 -0.145996
-0.675537 0.721924 -0.144531
-0.674072 0.726807 -0.139404
-0.670166 0.728760 -0.141846
-0.670166 0.729248 -0.140869
-0.673584 0.735107 -0.136475
-0.668213 0.730957 -0.137451
-0.667969 0.733887 -0.136963
-0.666748 0.733154 -0.134033
-0.665283 0.735352 -0.130371
-0.665283 0.736084 -0.135986
-0.667969 0.731445 -0.138428
-0.677734 0.729004 -0.135986
-0.679932 0.733154 -0.131104
-0.673340 0.731201 -0.130615
-0.672607 0.735107 -0.125488
-0.677490 0.730469 -0.126953
-0.677979 0.730957 -0.127686
-0.672119 0.728027 -0.127686
-0.668945 0.729980 -0.135742
-0.669189 0.727051 -0.138428
-0.673340 0.724854 -0.141846
-0.678711 0.721680 -0.138672
-0.677979 0.727783 -0.141113
-0.679199 0.729492 -0.136230
-0.679688 0.730225 -0.135986
-0.679688 0.730225 -0.135986
-0.673096 0.734131 -0.139160
-0.674072 0.730957 -0.145508
-0.671387 0.728027 -0.144531
-0.667480 0.729004 -0.148193
-0.668701 0.728760 -0.153809
-0.667725 0.728760 -0.160889
-0.670166 0.734619 -0.152588
-0.670166 0.733154 -0.149414
-0.676025 0.731689 -0.148438
-0.681152 0.726807 -0.145264
-0.678711 0.723877 -0.144775
-0.676025 0.723145 -0.149414
-0.671875 0.727539 -0.147949
-0.670898 0.722412 -0.145996
-0.674561 0.717285 -0.150391
-0.684814 0.713379 -0.145264
-0.692139 0.709229 -0.138428
-0.692139 0.709961 -0.126709
-0.685791 0.716064 -0.129150
-0.681152 0.721680 -0.132080
-0.675781 0.725830 -0.132812
-0.678955 0.729980 -0.130615
-0.676758 0.730469 -0.136475
-0.676025 0.729736 -0.136230
-0.673828 0.731445 -0.136475
-0.665039 0.732422 -0.144775
-0.658447 0.739258 -0.156494
-0.656494 0.746582 -0.155518
-0.661621 0.742676 -0.151367
-0.672119 0.738281 -0.153076
-0.670410 0.737305 -0.156982
-0.664551 0.741943 -0.152100
-0.664062 0.743896 -0.150146
-0.667969 0.734131 -0.148193
-0.667480 0.730225 -0.147461
-0.661377 0.734375 -0.147949
-0.662842 0.734375 -0.150146
-0.673096 0.720947 -0.154785
-0.686768 0.715820 -0.147705
-0.689453 0.716553 -0.139404
-0.689453 0.719727 -0.137939
-0.690674 0.721191 -0.126465
-0.683594 0.726318 -0.129883
-0.676270 0.729736 -0.135986
-0.676514 0.727051 -0.135498
-0.678711 0.720947 -0.136475
-0.678467 0.715332 -0.140381
-0.674561 0.711182 -0.152100
-0.675537 0.716064 -0.153564
-0.685303 0.727295 -0.140137
-0.678223 0.724365 -0.139893
-0.684570 0.731445 -0.138184
-0.679199 0.732666 -0.139648
-0.670654 0.729980 -0.140381
-0.674316 0.728271 -0.138916
-0.672852 0.723877 -0.144043
-0.669678 0.723633 -0.146973
-0.669434 0.728027 -0.145996
-0.674072 0.732910 -0.146973
-0.673340 0.734863 -0.149170
-0.670410 0.735840 -0.148926
-0.672607 0.735596 -0.145264
-0.675781 0.730469 -0.141113
-0.676514 0.728516 -0.145752
-0.674805 0.733154 -0.135986
-0.667725 0.729492 -0.141602
-0.672363 0.727783 -0.139893
-0.679199 0.720703 -0.139160
-0.679932 0.724609 -0.141846
-0.677979 0.722412 -0.140625
-0.678223 0.723877 -0.135986
-0.678223 0.723877 -0.135986
-0.678223 0.723877 -0.135986
-0.675293 0.722656 -0.145508
-0.686523 0.724609 -0.129883
-0.678711 0.728027 -0.136719
-0.678223 0.725830 -0.140137
-0.677246 0.729248 -0.141357
-0.675293 0.726074 -0.139404
-0.676025 0.727783 -0.141846
-0.676758 0.728516 -0.142822
-0.672607 0.731445 -0.142334
-0.666992 0.735107 -0.143066
-0.667969 0.733398 -0.145752
-0.667969 0.731445 -0.149170
-0.668457 0.729736 -0.147949
-0.675293 0.736328 -0.143555
-0.669922 0.729004 -0.149414
-0.673340 0.727295 -0.150391
-0.676270 0.730469 -0.145508
-0.671143 0.735840 -0.146973
-0.671143 0.732422 -0.145020
-0.670654 0.731201 -0.143799
-0.671387 0.732178 -0.143311
-0.673584 0.727539 -0.145020
-0.677734 0.723633 -0.144531
-0.678223 0.724854 -0.140381
-0.681396 0.729004 -0.137939
-0.675537 0.729980 -0.139648
-0.673584 0.734131 -0.140625
-0.673096 0.726807 -0.141846
-0.674072 0.726807 -0.139404
-0.670410 0.725830 -0.140625
-0.674561 0.728516 -0.139893
-0.674561 0.730713 -0.141846
-0.673828 0.730225 -0.139893
-0.669678 0.731934 -0.140869
-0.671143 0.730957 -0.140625
-0.670410 0.732910 -0.142090
-0.672119 0.730957 -0.144531
-0.670166 0.731689 -0.143311
-0.671631 0.731689 -0.142578
-0.671631 0.731689 -0.142578
-0.670410 0.731689 -0.144531
-0.671875 0.730469 -0.144287
-0.675537 0.731201 -0.143066
-0.674561 0.729980 -0.145752
-0.673584 0.731201 -0.141602
-0.674316 0.729980 -0.141602
-0.672607 0.728516 -0.139893
-0.671875 0.729492 -0.144531
-0.673828 0.727539 -0.142822
-0.674805 0.724609 -0.141602
-0.674561 0.726074 -0.145020
-0.673584 0.728027 -0.144531
-0.671875 0.729248 -0.142334
-0.674316 0.727539 -0.138916
-0.674561 0.726074 -0.139893
-0.672607 0.724854 -0.140625
-0.674316 0.728516 -0.141113
-0.673828 0.727051 -0.141602
-0.675537 0.729980 -0.138672
-0.673584 0.727783 -0.140625
-0.671143 0.728027 -0.139893
-0.671875 0.727051 -0.140137
-0.674316 0.729980 -0.138184
-0.673340 0.729492 -0.139893
-0.669922 0.730957 -0.140869
-0.671875 0.727783 -0.141357
-0.670410 0.731201 -0.139160
-0.670898 0.729980 -0.140625
-0.673828 0.732422 -0.140381
-0.677490 0.731445 -0.137451
-0.674561 0.735596 -0.140869
-0.673828 0.731445 -0.144043
-0.668945 0.729736 -0.145752
-0.669678 0.731934 -0.145996
-0.670166 0.729980 -0.143555
-0.672607 0.731445 -0.140625
-0.674805 0.734131 -0.140625
-0.675537 0.736084 -0.140869
-0.671875 0.741943 -0.142334
-0.666260 0.738770 -0.143066
-0.665283 0.734131 -0.144775
-0.664551 0.732422 -0.144043
-0.663574 0.730957 -0.143066
-0.669189 0.728271 -0.146240
-0.673340 0.731445 -0.143066
-0.672119 0.729004 -0.146484
-0.674072 0.731445 -0.146484
-0.674561 0.731689 -0.143799
-0.676514 0.727295 -0.139404
-0.676758 0.723877 -0.141113
-0.677002 0.725098 -0.144043
-0.675537 0.725830 -0.144043
-0.677734 0.720215 -0.144531
-0.677490 0.721436 -0.142578
-0.678955 0.722656 -0.139404
-0.679688 0.720703 -0.145508
-0.682861 0.715820 -0.140869
-0.687988 0.717041 -0.136230
-0.687988 0.714111 -0.133789
-0.688721 0.720703 -0.131836
-0.678711 0.723633 -0.135254
-0.674316 0.727539 -0.138428
-0.678223 0.727295 -0.132812
-0.679443 0.723145 -0.134277
-0.682373 0.720459 -0.133057
-0.681641 0.716064 -0.137451
-0.682861 0.720459 -0.136963
-0.682373 0.723633 -0.136230
-0.683105 0.725586 -0.139160
-0.683838 0.723633 -0.138428
-0.683594 0.721924 -0.143066
-0.682861 0.722168 -0.137695
-0.682373 0.720215 -0.141357
-0.675781 0.724365 -0.141113
-0.675781 0.722656 -0.136230
-0.674805 0.723877 -0.144043
-0.675293 0.725098 -0.142822
-0.673584 0.727783 -0.149414
-0.673340 0.725830 -0.148926
-0.676514 0.727295 -0.148682
-0.674561 0.725342 -0.154785
-0.674561 0.725342 -0.154785
-0.674561 0.725342 -0.154785
-0.677490 0.728271 -0.150879
-0.674072 0.728516 -0.152588
-0.665771 0.728027 -0.155762
-0.665771 0.728027 -0.155762
-0.673340 0.722900 -0.158203
-0.673340 0.722900 -0.158203
-0.673340 0.722900 -0.158203
-0.681396 0.721191 -0.145508
-0.685791 0.723389 -0.139893
-0.683105 0.731445 -0.139404
-0.680176 0.728027 -0.134766
-0.680176 0.728027 -0.134766
-0.674561 0.728516 -0.129639
-0.671875 0.727295 -0.129883
-0.673096 0.724121 -0.139404
-0.676270 0.721436 -0.139160
-0.681641 0.723877 -0.131104
-0.683594 0.726318 -0.134521
-0.670898 0.729492 -0.141357
-0.675049 0.734131 -0.135010
-0.669922 0.726562 -0.142334
-0.677979 0.723633 -0.136230
-0.674805 0.723145 -0.139160
-0.672119 0.725830 -0.144043
-0.669434 0.726318 -0.140869
-0.668701 0.726318 -0.147949
-0.680664 0.725586 -0.147949
-0.677979 0.726318 -0.152344
-0.679688 0.721924 -0.147217
-0.682861 0.727783 -0.143311
-0.679443 0.725586 -0.146240
-0.684082 0.722168 -0.145020
-0.692139 0.721436 -0.140137
-0.686523 0.722412 -0.145996
-0.682129 0.729004 -0.146973
-0.670410 0.742676 -0.140381
-0.661133 0.741455 -0.147705
-0.668701 0.730957 -0.137939
-0.676270 0.730957 -0.135010
-0.676758 0.732178 -0.125488
-0.676270 0.722900 -0.123779
-0.685059 0.715332 -0.118896
-0.687256 0.719482 -0.116211
-0.685791 0.720459 -0.114990
-0.679932 0.723145 -0.121094
-0.673584 0.730957 -0.121094
-0.666260 0.736816 -0.122314
-0.665771 0.729980 -0.129639
-0.664062 0.732666 -0.128662
-0.664307 0.739258 -0.124268
-0.666748 0.737305 -0.132324
-0.665283 0.737061 -0.132080
-0.666504 0.737305 -0.138428
-0.664551 0.739258 -0.140137
-0.662842 0.737793 -0.133057
-0.659912 0.739990 -0.136719
-0.656006 0.742676 -0.144287
-0.655762 0.741943 -0.147217
-0.665771 0.734863 -0.140625
-0.665771 0.734863 -0.140625
-0.669189 0.738770 -0.140625
-0.662598 0.741943 -0.142334
-0.663574 0.741943 -0.133301
-0.662842 0.742920 -0.127930
-0.664062 0.742920 -0.133301
-0.665527 0.734375 -0.131836
-0.666992 0.733154 -0.136475
-0.669678 0.732422 -0.137207
-0.675293 0.731445 -0.132568
-0.675781 0.730713 -0.135254
-0.675781 0.730713 -0.135254
-0.673584 0.730957 -0.132568
-0.672852 0.730225 -0.130127
-0.672119 0.730469 -0.126465
-0.670654 0.732910 -0.132812
-0.670654 0.732178 -0.136475
-0.668701 0.731201 -0.140381
-0.667480 0.738281 -0.138428
-0.666504 0.736084 -0.138916
-0.664795 0.734375 -0.142578
-0.664795 0.734375 -0.142578
-0.664551 0.735352 -0.146484
-0.670898 0.736572 -0.144043
-0.668945 0.735352 -0.142334
-0.673828 0.733643 -0.142822
-0.669189 0.735352 -0.143555
-0.664307 0.741455 -0.141846
-0.664307 0.736328 -0.142334
-0.661865 0.734863 -0.144531
-0.662598 0.735107 -0.142334
-0.665039 0.730713 -0.141357
-0.667236 0.728516 -0.150391
-0.672119 0.725098 -0.145996
-0.679443 0.722412 -0.143066
-0.681152 0.726074 -0.135254
-0.675781 0.728027 -0.139160
-0.675537 0.725098 -0.140381
-0.675049 0.729492 -0.135010
-0.673828 0.731445 -0.135254
-0.672363 0.733887 -0.131836
-0.672852 0.739746 -0.133057
-0.666748 0.744873 -0.135986
-0.659912 0.745850 -0.134521
-0.656982 0.743652 -0.135742
-0.656494 0.741699 -0.142334
-0.657715 0.738037 -0.144775
-0.662598 0.730957 -0.147461
-0.669434 0.726807 -0.145996
-0.670654 0.741455 -0.139160
-0.662354 0.743896 -0.143799
-0.674072 0.735107 -0.142090
-0.677734 0.731689 -0.140869
-0.679199 0.729736 -0.135254
-0.675293 0.726562 -0.142334
-0.675537 0.721191 -0.149658
-0.673828 0.721191 -0.151123
-0.677979 0.719971 -0.147217
-0.677734 0.726807 -0.148682
-0.680908 0.727051 -0.142822
-0.680908 0.733398 -0.136475
-0.676025 0.734131 -0.137939
-0.671143 0.728516 -0.145508
-0.672607 0.729004 -0.144043
-0.670654 0.726318 -0.145264
-0.672363 0.724121 -0.149902
-0.674072 0.727051 -0.156250
-0.670410 0.732178 -0.143555
-0.666504 0.735840 -0.144531
-0.672119 0.737793 -0.139160
-0.671387 0.735352 -0.137451
-0.677490 0.734375 -0.135742
-0.677002 0.722656 -0.140869
-0.675537 0.727295 -0.140381
-0.669922 0.727539 -0.143066
-0.665039 0.728271 -0.151367
-0.669922 0.728760 -0.150391
-0.676270 0.731201 -0.143555
-0.675293 0.733398 -0.137207
-0.677979 0.731934 -0.135742
-0.685059 0.732910 -0.129883
-0.679443 0.724365 -0.136230
-0.678467 0.724365 -0.135742
-0.673096 0.720215 -0.138672
-0.671631 0.720459 -0.142090
-0.674316 0.718262 -0.147705
-0.678223 0.715332 -0.150146
-0.692139 0.720215 -0.140137
-0.691895 0.723877 -0.135742
-0.686279 0.723633 -0.134521
-0.684570 0.730225 -0.134521
-0.680908 0.729492 -0.128662
-0.674561 0.723389 -0.136475
-0.671631 0.722900 -0.140381
-0.669922 0.723877 -0.140869
-0.670898 0.729004 -0.139160
-0.670898 0.732666 -0.144531
-0.670654 0.738037 -0.145264
-0.671875 0.738770 -0.140625
-0.670166 0.739014 -0.142578
-0.670166 0.738770 -0.139648
-0.671387 0.735352 -0.140137
-0.672852 0.731689 -0.143066
-0.674072 0.730225 -0.147705
-0.677490 0.729980 -0.145752
-0.675781 0.727539 -0.143066
-0.676025 0.730957 -0.142578
-0.677490 0.729736 -0.140625
-0.674805 0.726807 -0.139648
-0.676270 0.724121 -0.137939
-0.680420 0.719238 -0.137695
-0.683838 0.716309 -0.135986
-0.687256 0.718750 -0.132568
-0.685791 0.716309 -0.128174
-0.684814 0.716553 -0.121338
-0.684326 0.720459 -0.126953
-0.682861 0.718262 -0.122314
-0.684326 0.713135 -0.125000
-0.680908 0.716797 -0.125244
-0.684570 0.718750 -0.123779
-0.682617 0.720703 -0.126221
-0.680420 0.722656 -0.128906
-0.680420 0.721680 -0.132324
-0.679688 0.723633 -0.129150
-0.679199 0.728271 -0.129883
-0.677002 0.727539 -0.132324
-0.672119 0.731201 -0.131104
-0.671143 0.730469 -0.132812
-0.676514 0.731201 -0.136230
-0.675049 0.728760 -0.137207
-0.672852 0.731689 -0.135254
-0.677246 0.732178 -0.135742
-0.675049 0.729492 -0.135986
-0.675293 0.730957 -0.133057
-0.675293 0.730225 -0.133789
-0.675049 0.731445 -0.131836
-0.677490 0.731934 -0.128906
-0.674072 0.729980 -0.132080
-0.677490 0.729736 -0.132812
-0.674072 0.726807 -0.129395
-0.675781 0.726562 -0.129883
-0.679688 0.723145 -0.132080
-0.680420 0.722656 -0.133545
-0.678223 0.723877 -0.130371
-0.676514 0.722168 -0.131104
-0.677734 0.726562 -0.131104
-0.675537 0.727295 -0.131592
-0.674316 0.729736 -0.133545
-0.678223 0.724365 -0.131592
-0.677979 0.727051 -0.130859
-0.676514 0.728271 -0.126709
-0.679932 0.724854 -0.128418
-0.680420 0.725830 -0.128174
-0.682129 0.730225 -0.130615
-0.677490 0.727051 -0.134033
-0.677734 0.725098 -0.133057
-0.676758 0.722900 -0.132080
-0.674561 0.727783 -0.131348
-0.677734 0.729248 -0.129883
-0.675293 0.727783 -0.128662
-0.673584 0.727783 -0.129395
-0.675049 0.727051 -0.129395
-0.679199 0.728516 -0.127197
-0.681885 0.727295 -0.124268
-0.680176 0.728760 -0.129639
-0.675781 0.728271 -0.130371
-0.677734 0.726562 -0.131592
-0.674805 0.727783 -0.132568
-0.675293 0.725342 -0.131104
-0.675781 0.725830 -0.135498
-0.678223 0.724365 -0.134521
-0.679199 0.725586 -0.131836
-0.675293 0.730469 -0.131104
-0.675781 0.726562 -0.133789
-0.675049 0.727783 -0.131348
-0.676270 0.725830 -0.130615
-0.678955 0.725342 -0.128906
-0.680420 0.726074 -0.130859
-0.675293 0.728760 -0.131104
-0.676025 0.728516 -0.130615
-0.674805 0.729492 -0.133545
-0.673584 0.730469 -0.134766
-0.673096 0.724121 -0.138428
-0.679932 0.726562 -0.136475
-0.679443 0.727051 -0.132080
-0.683105 0.730469 -0.129883
-0.679932 0.733643 -0.131836
-0.671631 0.734863 -0.130615
-0.669678 0.734619 -0.133545
-0.667725 0.737793 -0.132080
-0.669678 0.734619 -0.134521
-0.672119 0.733398 -0.136475
-0.668213 0.734131 -0.135010
-0.667969 0.733154 -0.139404
-0.669922 0.728516 -0.140869
-0.671631 0.734375 -0.141357
-0.677002 0.734619 -0.136719
-0.678223 0.730957 -0.135986
-0.680420 0.728516 -0.138184
-0.679199 0.727295 -0.135254
-0.679443 0.723145 -0.135498
-0.677979 0.723877 -0.134766
-0.677002 0.724854 -0.138672
-0.677246 0.724854 -0.134521
-0.678223 0.722168 -0.140381
-0.677246 0.722412 -0.135498
-0.679199 0.718262 -0.137695
-0.680664 0.713379 -0.137939
-0.681396 0.716309 -0.138916
-0.685791 0.713623 -0.141602
-0.687744 0.714844 -0.139160
-0.690186 0.714600 -0.142578
-0.688232 0.718506 -0.138184
-0.683105 0.720947 -0.134277
-0.676270 0.721436 -0.143799
-0.671875 0.725830 -0.145020
-0.670654 0.722656 -0.147461
-0.674072 0.726807 -0.146973
-0.675049 0.726562 -0.147217
-0.672363 0.729004 -0.149658
-0.674072 0.727783 -0.151611
-0.673584 0.732910 -0.140625
-0.673584 0.741943 -0.135986
-0.666016 0.744873 -0.138184
-0.664307 0.744141 -0.139160
-0.665771 0.735596 -0.142090
-0.665771 0.735596 -0.142090
-0.666748 0.729736 -0.143066
-0.666992 0.733643 -0.144775
-0.663574 0.735352 -0.153320
-0.662354 0.734131 -0.156494
-0.669678 0.739014 -0.148682
-0.665527 0.743408 -0.152100
-0.661621 0.743652 -0.155273
-0.666260 0.739014 -0.156250
-0.665527 0.738037 -0.158691
-0.663818 0.727783 -0.161377
-0.665771 0.729492 -0.158691
-0.659668 0.741455 -0.163086
-0.656982 0.739990 -0.162354
-0.661377 0.734863 -0.155518
-0.666748 0.727539 -0.157227
-0.666748 0.727539 -0.157227
-0.676025 0.719482 -0.149658
-0.686035 0.716064 -0.146729
-0.685303 0.725342 -0.139160
-0.673340 0.726807 -0.147949
-0.673340 0.726807 -0.147949
-0.673340 0.726807 -0.147949
-0.673340 0.726807 -0.147949
-0.673340 0.726807 -0.147949
-0.673340 0.726807 -0.147949
-0.681396 0.728271 -0.128418
-0.668701 0.733643 -0.134521
-0.665283 0.740967 -0.125977
-0.662598 0.743164 -0.128418
-0.660400 0.744141 -0.126221
-0.660400 0.744141 -0.126221
-0.652588 0.744629 -0.131104
-0.657959 0.742676 -0.132568
-0.662598 0.744873 -0.130127
-0.665527 0.738770 -0.128906
-0.664795 0.740967 -0.130127
-0.660400 0.745850 -0.127441
-0.657227 0.750244 -0.123047
-0.658447 0.749756 -0.120361
-0.656982 0.743164 -0.129639
-0.662354 0.740723 -0.129639
-0.670166 0.739990 -0.119385
-0.666748 0.736572 -0.120850
-0.666748 0.733154 -0.124268
-0.671875 0.734375 -0.113770
-0.674805 0.732910 -0.116943
-0.674561 0.722412 -0.125732
-0.675049 0.722168 -0.117676
-0.680176 0.723145 -0.120117
-0.679688 0.720703 -0.118896
-0.680664 0.721924 -0.115479
-0.683594 0.724609 -0.110352
-0.677002 0.727783 -0.115234
-0.671387 0.729248 -0.118408
-0.668945 0.729492 -0.125244
-0.665527 0.730957 -0.130127
-0.666992 0.731445 -0.131104
-0.669189 0.734619 -0.132568
-0.666504 0.736084 -0.135010
-0.665283 0.743408 -0.131836
-0.665283 0.743408 -0.131836
-0.656494 0.747314 -0.141357
-0.664307 0.742432 -0.138672
-0.663574 0.739746 -0.141846
-0.667480 0.737549 -0.143066
-0.671631 0.734131 -0.140625
-0.669678 0.730957 -0.139893
-0.664062 0.733154 -0.146484
-0.668457 0.738037 -0.137939
-0.677246 0.730713 -0.129883
-0.680420 0.729248 -0.127930
-0.677734 0.731445 -0.126953
-0.672852 0.729248 -0.124756
-0.669678 0.728027 -0.131104
-0.669434 0.724121 -0.134277
-0.674561 0.726074 -0.133789
-0.677734 0.724121 -0.130859
-0.684814 0.727295 -0.133545
-0.674805 0.737793 -0.134277
-0.666504 0.740967 -0.135742
-0.660400 0.743164 -0.137207
-0.661865 0.739258 -0.141113
-0.667480 0.734131 -0.142090
-0.670898 0.740723 -0.134766
-0.665527 0.737549 -0.135254
-0.667480 0.736328 -0.143555
-0.663818 0.738770 -0.143066
-0.658691 0.739746 -0.147461
-0.661621 0.741943 -0.146973
-0.656982 0.739258 -0.148682
-0.653564 0.736328 -0.162598
-0.664551 0.732178 -0.169189
-0.677246 0.735596 -0.155762
-0.681152 0.733643 -0.137207
-0.670410 0.736084 -0.136475
-0.657959 0.743408 -0.139160
-0.659912 0.748779 -0.136230
-0.665527 0.736328 -0.133057
-0.675293 0.723877 -0.139404
-0.680176 0.717773 -0.138184
-0.686768 0.714111 -0.130859
-0.686768 0.714111 -0.130859
-0.684082 0.719727 -0.126221
-0.678223 0.726318 -0.124023
-0.675293 0.729736 -0.128662
-0.680420 0.723389 -0.122559
-0.681396 0.721924 -0.121826
-0.676270 0.725098 -0.135986
-0.669189 0.727051 -0.140625
-0.665771 0.729980 -0.135742
-0.667725 0.724854 -0.139404
-0.674561 0.727051 -0.141113
-0.671143 0.737549 -0.135498
-0.668701 0.741699 -0.131104
-0.668213 0.739746 -0.138672
-0.669922 0.736084 -0.142090
-0.665771 0.737061 -0.142334
-0.667236 0.731689 -0.140137
-0.675049 0.731201 -0.141602
-0.670410 0.731689 -0.137939
-0.669922 0.731934 -0.140381
-0.670654 0.734619 -0.139648
-0.669189 0.732422 -0.140381
-0.668213 0.731201 -0.136475
-0.672119 0.729980 -0.133301
-0.678467 0.735596 -0.139404
-0.666016 0.737793 -0.142578
-0.667480 0.732422 -0.145752
-0.673340 0.728516 -0.143555
-0.670898 0.727783 -0.146240
-0.670898 0.729004 -0.137695
-0.672607 0.737061 -0.138428
-0.672607 0.731445 -0.139160
-0.673340 0.738037 -0.136475
-0.673340 0.738037 -0.136475
-0.670166 0.732910 -0.143799
-0.667969 0.731689 -0.139160
-0.668701 0.730713 -0.138184
-0.665039 0.732666 -0.144531
-0.666016 0.731689 -0.137451
-0.668213 0.733154 -0.140137
-0.670166 0.735107 -0.137207
-0.672607 0.738037 -0.132324
-0.666016 0.738281 -0.132324
-0.666016 0.736328 -0.138916
-0.672363 0.732666 -0.135986
-0.670654 0.730713 -0.135742
-0.668701 0.728516 -0.142090
-0.673096 0.733887 -0.130127
-0.664551 0.730713 -0.137695
-0.670898 0.731934 -0.143311
-0.669922 0.731201 -0.145020
-0.672119 0.727539 -0.145752
-0.676025 0.729004 -0.145508
-0.677734 0.726807 -0.145996
-0.672119 0.725586 -0.145752
-0.675293 0.725586 -0.148438
-0.678467 0.726318 -0.148926
-0.682373 0.723389 -0.149902
-0.680664 0.724609 -0.146729
-0.678711 0.721924 -0.144287
-0.676270 0.721680 -0.140869
-0.668945 0.725586 -0.144775
-0.667969 0.732910 -0.146729
-0.666504 0.738037 -0.149170
-0.670654 0.738525 -0.145020
-0.668457 0.739502 -0.146484
-0.664551 0.738281 -0.150635
-0.665283 0.737305 -0.147705
-0.666016 0.739258 -0.148193
-0.667969 0.738525 -0.145264
-0.668213 0.743896 -0.142578
-0.664307 0.739990 -0.139893
-0.659424 0.742676 -0.143066
-0.665771 0.738770 -0.139404
-0.665527 0.736572 -0.140625
-0.665283 0.735596 -0.136963
-0.662354 0.736328 -0.135010
-0.662598 0.738770 -0.135254
-0.662842 0.737305 -0.136230
-0.661621 0.739502 -0.132812
-0.665283 0.733398 -0.131104
-0.673340 0.725098 -0.125488
-0.673340 0.725098 -0.125488
-0.681396 0.729492 -0.122314
-0.676025 0.731689 -0.130615
-0.674561 0.734863 -0.132324
-0.672119 0.732178 -0.132568
-0.672607 0.729736 -0.133789
-0.673828 0.726807 -0.139160
-0.677979 0.727539 -0.144043
-0.678711 0.728027 -0.143311
-0.676025 0.726074 -0.146484
-0.674805 0.725830 -0.145752
-0.674805 0.725830 -0.145752
-0.672363 0.726562 -0.145752
-0.669189 0.729736 -0.144287
-0.669678 0.728271 -0.144287
-0.670654 0.729492 -0.143311
-0.671143 0.727783 -0.142090
-0.670166 0.729248 -0.141602
-0.669678 0.731689 -0.139648
-0.673584 0.732422 -0.134033
-0.670898 0.735840 -0.137451
-0.669434 0.734619 -0.136963
-0.669434 0.734375 -0.135742
-0.668945 0.734131 -0.137695
-0.671143 0.735107 -0.134033
-0.671387 0.737061 -0.135010
-0.668945 0.734131 -0.134521
-0.667236 0.738770 -0.135742
-0.665283 0.736572 -0.138672
-0.665771 0.738525 -0.137939
-0.667969 0.734863 -0.137207
-0.669189 0.732910 -0.138428
-0.671631 0.732422 -0.141357
-0.673340 0.730957 -0.140381
-0.670654 0.731689 -0.140625
-0.671875 0.729736 -0.140381
-0.671387 0.732178 -0.139893
-0.668701 0.731445 -0.136963
-0.671143 0.731689 -0.135010
-0.670410 0.728516 -0.138916
-0.674316 0.733154 -0.136719
-0.674316 0.733154 -0.136719
-0.669678 0.732666 -0.135986
