0.133789 0.990234 -0.115234
0.134033 0.990234 -0.113037
0.132812 0.994141 -0.110596
0.137695 1.00098 -0.111572
0.141357 1.00635 -0.110596
0.143311 1.01099 -0.109131
0.143066 1.00952 -0.110107
0.134521 1.00635 -0.110596
0.134277 1.00366 -0.112305
0.130615 0.999512 -0.114258
0.132568 0.997070 -0.110352
0.129150 0.997803 -0.111816
0.134277 0.997559 -0.113525
0.134277 0.999512 -0.114014
0.137695 0.997803 -0.116211
0.137695 0.996826 -0.115967
0.136475 0.999756 -0.113770
0.137207 1.00024 -0.113281
0.136475 1.00171 -0.111084
0.138428 1.00781 -0.109619
0.138428 1.01318 -0.111572
0.141602 1.01318 -0.109375
0.144043 1.01050 -0.109131
0.141602 1.00513 -0.111084
0.139648 1.00171 -0.110352
0.139404 0.998535 -0.113525
0.135742 0.998291 -0.110840
0.135742 0.994385 -0.115234
0.132324 0.994141 -0.117188
0.130859 0.995605 -0.115723
0.129883 0.997070 -0.113281
0.136230 0.999023 -0.114746
0.136230 1.00122 -0.111572
0.137939 1.00195 -0.113281
0.138184 1.00610 -0.112793
0.138916 1.00562 -0.112549
0.138428 1.00146 -0.113770
0.138672 1.00171 -0.111084
0.142090 1.00244 -0.111572
0.143311 1.00000 -0.111572
0.140381 0.999512 -0.112793
0.140137 0.996338 -0.113770
0.136963 0.997314 -0.115234
0.134033 0.998535 -0.116211
0.137939 0.999512 -0.112793
0.137451 1.00269 -0.111816
0.138184 0.999512 -0.116211
0.138428 1.00073 -0.111816
0.134766 1.00366 -0.114502
0.133789 0.999756 -0.111816
0.133057 0.999512 -0.111328
0.133301 0.995850 -0.114990
0.136475 0.998535 -0.114014
0.134766 0.999023 -0.113037
0.140869 1.00220 -0.112793
0.144287 1.00342 -0.114258
0.142090 1.00220 -0.114502
0.140869 0.999023 -0.113525
0.137695 1.00073 -0.113525
0.136230 0.997314 -0.116211
0.136963 0.999268 -0.112793
0.139160 0.999512 -0.114258
0.140137 0.998779 -0.116455
0.137207 0.999756 -0.116699
0.136719 0.999268 -0.116455
0.133301 0.999023 -0.117676
0.131348 0.997314 -0.115967
0.134521 0.999268 -0.114746
0.136230 0.996094 -0.117188
0.137451 0.997314 -0.114746
0.134766 0.995117 -0.117432
0.135498 0.992920 -0.116455
0.135498 0.993408 -0.121094
0.135010 0.994873 -0.117188
0.133301 0.997559 -0.118896
0.133057 0.997559 -0.118164
0.131592 0.995361 -0.119141
0.133301 0.999268 -0.118408
0.133057 0.993896 -0.121094
0.136475 0.996094 -0.119385
0.137695 0.999756 -0.117676
0.140381 1.00293 -0.114746
0.140137 1.00513 -0.113770
0.135986 1.00513 -0.117432
0.137451 1.00708 -0.117432
0.134521 1.00708 -0.114014
0.134277 1.00781 -0.109619
0.137939 1.00757 -0.109863
0.140381 1.00391 -0.111816
0.139648 1.00488 -0.112305
0.138672 1.00854 -0.112793
0.140625 1.01392 -0.108398
0.142578 1.01929 -0.108398
0.141113 1.01538 -0.109375
0.142334 1.01318 -0.111328
0.140869 1.01050 -0.114258
0.136475 1.00854 -0.116455
0.134277 1.00073 -0.118164
0.133057 0.998535 -0.118164
0.135742 0.993164 -0.119873
0.130615 0.996094 -0.121582
0.130371 0.997559 -0.118164
0.128662 0.994385 -0.119629
0.129639 0.997070 -0.122803
0.133545 1.00342 -0.122314
0.131592 1.00366 -0.119385
0.134277 1.00586 -0.117432
0.133789 1.00586 -0.115234
0.133789 1.00269 -0.116699
0.135010 1.00195 -0.118652
0.136963 1.00317 -0.120117
0.139160 1.00122 -0.121582
0.137451 1.00122 -0.122803
0.137695 1.00269 -0.123291
0.134521 1.00024 -0.123779
0.133301 1.00000 -0.122070
0.133301 1.00000 -0.122070
0.133301 1.00000 -0.122070
0.132324 0.998047 -0.119141
0.131104 0.997803 -0.119385
0.134521 0.999023 -0.127930
0.138672 0.999023 -0.126953
0.140869 1.00073 -0.127441
0.143555 1.00000 -0.126953
0.140869 1.00171 -0.124023
0.144287 1.00073 -0.124023
0.142090 1.00391 -0.125977
0.142578 1.00439 -0.127686
0.142090 1.00244 -0.125000
0.140381 0.998535 -0.125488
0.136719 0.997559 -0.124023
0.133545 0.997559 -0.118652
0.133789 0.999756 -0.119873
0.133545 1.00024 -0.120850
0.134277 1.00098 -0.123047
0.132080 1.00342 -0.123047
0.131104 1.00244 -0.121826
0.130615 0.997559 -0.123535
0.129639 0.999023 -0.119873
0.131592 0.999512 -0.119629
0.130859 0.997314 -0.121826
0.130615 0.997559 -0.124268
0.133301 0.998047 -0.121094
0.135742 0.998779 -0.123291
0.135986 1.00171 -0.121826
0.137939 1.00806 -0.123291
0.138672 1.00708 -0.118896
0.134766 1.00562 -0.117920
0.134766 1.00562 -0.117920
0.130615 0.999756 -0.118164
0.129150 0.999512 -0.117920
0.129883 0.999268 -0.120850
0.133545 0.999268 -0.122803
0.133301 0.997803 -0.124023
0.133789 1.00195 -0.123047
0.129883 1.00146 -0.120605
0.127441 1.00269 -0.120361
0.126953 1.00244 -0.118408
0.126465 1.00171 -0.116455
0.125244 1.00220 -0.115967
0.125488 0.999756 -0.115479
0.126709 0.999268 -0.115723
0.126465 1.00049 -0.118652
0.130859 0.999512 -0.117188
0.132324 1.00195 -0.123291
0.134277 1.00146 -0.121826
0.128662 0.999512 -0.118408
0.126953 1.00122 -0.122559
0.125977 0.997803 -0.122559
0.125244 0.999268 -0.124268
0.125488 0.999268 -0.124268
0.132568 0.999512 -0.125977
0.138672 0.999756 -0.129639
0.137695 1.00269 -0.132812
0.135742 0.999512 -0.129883
0.136719 0.999268 -0.129150
0.135742 1.00000 -0.131104
0.137207 1.00000 -0.126221
0.137695 1.00000 -0.126465
0.140137 1.00000 -0.127930
0.141602 1.00586 -0.130615
0.142334 1.00781 -0.133545
0.137939 1.00586 -0.128906
0.138184 1.00342 -0.129639
0.131104 1.00220 -0.126953
0.127930 1.00049 -0.123535
0.128662 0.999268 -0.123779
0.129639 0.999756 -0.120605
0.129639 1.00000 -0.124512
0.129639 1.00000 -0.124512
0.130371 1.00220 -0.122314
0.128662 1.00146 -0.123779
0.129150 1.00244 -0.123779
0.128906 1.00269 -0.123535
0.127197 1.00439 -0.123291
0.131104 1.00122 -0.126709
0.129150 0.999756 -0.124756
0.127441 0.999756 -0.125244
0.129639 1.00000 -0.121338
0.130615 1.00000 -0.125000
0.134766 0.998779 -0.122559
0.136719 1.00000 -0.123291
0.133545 1.00171 -0.124756
0.132812 1.00293 -0.125977
0.130127 1.00171 -0.126221
0.130371 0.999756 -0.125977
0.133057 1.00049 -0.123779
0.133057 0.999268 -0.124756
0.129883 0.998047 -0.123779
0.130859 0.998779 -0.126221
0.131836 0.999268 -0.125244
0.133789 1.00000 -0.125488
0.135010 1.00195 -0.129395
0.133789 1.00049 -0.128174
0.131348 0.999512 -0.129883
0.133545 0.999756 -0.131104
0.134521 0.999756 -0.132324
0.136963 0.999512 -0.132568
0.138916 0.998291 -0.132812
0.139160 0.996826 -0.132812
0.139404 0.998535 -0.134033
0.139648 0.998779 -0.133301
0.139893 0.998535 -0.132324
0.138916 0.999512 -0.131104
0.136963 0.999023 -0.129150
0.135254 0.998047 -0.128418
0.135254 1.00244 -0.128662
0.135742 1.00024 -0.127930
0.132568 1.00269 -0.126953
0.134521 1.00000 -0.124023
0.130127 1.00171 -0.124512
0.129883 1.00391 -0.125488
0.131348 1.00171 -0.125732
0.128418 1.00171 -0.120117
0.127197 1.00171 -0.120850
0.124268 1.00146 -0.122314
0.127197 0.999268 -0.125000
0.129150 1.00122 -0.125977
0.129395 1.00342 -0.122070
0.129150 1.00220 -0.122314
0.129150 1.00220 -0.122314
0.125977 1.00024 -0.120850
0.125977 1.00049 -0.123779
0.123535 1.00049 -0.122803
0.128662 0.999512 -0.125977
0.130371 0.999756 -0.124512
0.130127 1.00024 -0.127686
0.133545 1.00122 -0.127930
0.129395 1.00317 -0.128906
0.126953 1.00293 -0.126221
0.126953 1.00293 -0.126221
0.129883 1.00098 -0.130127
0.131592 0.998535 -0.129395
0.129150 1.00098 -0.128906
0.133789 1.00098 -0.128174
0.132324 1.00122 -0.128174
0.134033 1.00293 -0.127930
0.134766 1.00391 -0.127686
0.133301 1.00171 -0.129395
0.131104 1.00049 -0.127686
0.133057 1.00000 -0.125732
0.132080 0.999512 -0.128662
0.131104 1.00098 -0.127686
0.130615 1.00000 -0.130615
0.134766 1.00146 -0.130859
0.133545 1.00073 -0.128662
0.134766 1.00049 -0.126221
0.135254 0.999023 -0.128418
0.136719 1.00024 -0.127686
0.133057 1.00024 -0.127441
0.131348 0.999268 -0.128662
0.130615 0.999756 -0.125732
0.128906 0.998779 -0.127930
0.126221 1.00098 -0.123291
0.129150 0.998779 -0.124512
0.127930 1.00195 -0.126953
0.127197 1.00122 -0.128174
0.131592 1.00073 -0.125244
0.133057 1.00342 -0.126709
0.130615 1.00098 -0.127930
0.125488 1.00317 -0.127686
0.125488 1.00317 -0.127686
0.126465 0.999512 -0.131348
0.128418 0.997803 -0.132568
0.132324 0.999512 -0.131348
0.134277 1.00073 -0.133301
0.135010 1.00098 -0.129150
0.131836 0.999512 -0.129883
0.128174 1.00171 -0.125977
0.128418 1.00098 -0.125000
0.128906 1.00098 -0.124512
0.128906 1.00098 -0.124512
0.128418 1.00146 -0.124512
0.127686 1.00122 -0.126953
0.131104 1.00098 -0.123535
0.130859 1.00269 -0.126465
0.132812 1.00098 -0.128906
0.131348 1.00000 -0.125732
0.132568 1.00220 -0.128174
0.132324 0.999756 -0.125488
0.130859 1.00122 -0.128174
0.127930 1.00000 -0.128662
0.127930 1.00000 -0.128662
0.129639 1.00220 -0.129395
0.127930 1.00317 -0.128662
0.126465 0.999512 -0.124756
0.128174 0.999756 -0.128418
0.128906 1.00024 -0.129883
0.129639 1.00220 -0.126465
0.129150 0.999512 -0.126709
0.130371 0.999023 -0.123291
0.130615 1.00098 -0.128418
0.134521 1.00220 -0.126709
0.128418 1.00269 -0.128906
0.128662 1.00171 -0.127197
0.131348 1.00073 -0.127686
0.132568 0.999756 -0.126709
0.133789 1.00000 -0.127197
0.133789 1.00000 -0.127197
0.130371 1.00098 -0.125488
0.134766 0.999512 -0.128418
0.137695 0.999756 -0.127197
0.137695 0.999756 -0.127197
0.132324 0.999023 -0.130859
0.130615 0.999268 -0.129883
0.133789 0.998779 -0.126221
0.131836 0.998779 -0.127441
0.128906 1.00098 -0.127930
0.130615 1.00024 -0.125977
0.130127 1.00024 -0.128418
0.129883 1.00024 -0.126221
0.128418 1.00342 -0.126221
0.130615 0.999512 -0.125732
0.132080 0.998535 -0.126465
0.130859 1.00073 -0.128662
0.127686 1.00195 -0.126221
0.127441 1.00171 -0.124756
0.124756 1.00342 -0.124023
0.127441 1.00122 -0.127441
0.126953 1.00098 -0.127441
0.127197 1.00171 -0.125977
0.132080 1.00244 -0.130859
0.131348 1.00098 -0.128906
0.134277 1.00024 -0.128418
0.133057 1.00195 -0.130371
0.134277 1.00171 -0.126465
0.132324 1.00122 -0.128662
0.132568 0.999268 -0.128662
0.131104 0.997803 -0.127441
0.128906 1.00049 -0.128662
0.129395 0.999023 -0.126709
0.131348 0.999268 -0.128906
0.129883 1.00024 -0.125977
0.129395 0.999756 -0.127441
0.129150 1.00024 -0.126465
0.127686 1.00415 -0.125000
0.128418 1.00220 -0.129150
0.131104 1.00220 -0.127197
0.129395 1.00098 -0.127930
0.131592 0.999023 -0.128906
0.127441 1.00049 -0.127930
0.130127 0.999023 -0.128662
0.130859 1.00098 -0.128174
0.130859 1.00098 -0.128174
0.132324 1.00000 -0.128662
0.129395 1.00098 -0.126953
0.131104 1.00244 -0.127686
0.131592 1.00293 -0.126709
0.131836 1.00049 -0.127197
0.129395 1.00024 -0.124756
0.130127 0.999512 -0.125244
0.129883 1.00146 -0.125488
0.129639 1.00024 -0.125244
0.129639 1.00024 -0.125244
0.130127 1.00000 -0.128174
0.129883 1.00073 -0.126953
0.131592 1.00049 -0.127441
0.132080 1.00171 -0.127441
0.131104 1.00098 -0.130371
0.131592 0.998535 -0.128906
0.129883 1.00024 -0.125000
0.128662 0.999512 -0.127930
0.128662 0.999512 -0.127930
0.127686 1.00244 -0.129150
0.130859 1.00098 -0.126709
0.130615 1.00073 -0.126221
0.131836 1.00000 -0.124512
0.131836 1.00000 -0.124512
0.126465 1.00073 -0.130127
0.124756 1.00293 -0.125488
0.124756 1.00293 -0.125488
0.124756 1.00293 -0.125488
0.124756 1.00293 -0.125488
0.126709 1.00024 -0.125488
0.128174 0.998535 -0.125977
0.128906 0.999268 -0.126465
0.129150 0.999756 -0.128418
0.128662 0.998779 -0.130859
0.131104 0.999512 -0.129639
0.133301 0.998779 -0.130615
0.139160 0.999268 -0.130615
0.139160 1.00293 -0.134766
0.137695 0.999756 -0.133301
0.134766 1.00000 -0.136475
0.135010 1.00024 -0.132568
0.139648 0.998291 -0.135498
0.135742 0.999268 -0.134766
0.135254 0.998047 -0.133789
0.133057 0.999023 -0.129150
0.133057 0.999023 -0.129150
0.136475 1.00000 -0.129150
0.133789 1.00439 -0.128418
0.133789 1.00439 -0.128418
0.133057 1.00391 -0.126953
0.127930 1.00366 -0.129883
0.129395 1.00146 -0.127197
0.127197 1.00146 -0.131592
0.119873 1.00415 -0.126953
0.119141 1.00122 -0.125488
0.124268 1.00171 -0.125977
0.124268 1.00244 -0.122559
0.124023 1.00146 -0.123779
0.126221 1.00073 -0.119873
0.126221 1.00073 -0.120605
0.125244 0.998047 -0.121094
0.126709 0.999756 -0.123047
0.128174 1.00024 -0.127441
0.129639 1.00293 -0.126953
0.132324 0.997803 -0.130859
0.134033 0.996582 -0.128906
0.136719 1.00000 -0.128662
0.138428 0.999023 -0.125244
0.143799 1.00146 -0.128174
0.146240 1.00464 -0.126953
0.140869 1.00269 -0.127441
0.140381 1.00171 -0.124268
0.135010 0.999512 -0.123535
0.133789 0.999512 -0.122314
0.134277 0.998779 -0.123779
0.135742 0.997070 -0.123291
0.136719 1.00195 -0.124023
0.136719 1.00195 -0.124023
0.132568 1.00195 -0.122803
0.126221 1.00513 -0.119385
0.126221 1.00439 -0.119385
0.126221 1.00439 -0.119385
0.126221 1.00439 -0.119385
0.127930 0.998779 -0.122070
0.127441 1.00049 -0.123779
0.127686 1.00146 -0.123047
0.126465 1.00000 -0.119629
0.126953 1.00146 -0.123291
0.127686 1.00146 -0.122559
0.128174 1.00317 -0.124512
0.127197 1.00122 -0.123535
0.128418 1.00195 -0.124512
0.126465 0.999023 -0.125732
0.128662 0.998047 -0.123779
0.129150 1.00049 -0.125000
0.130371 1.00073 -0.124756
0.128906 1.00024 -0.120605
0.132080 1.00098 -0.122070
0.129883 1.00073 -0.125000
0.132080 1.00073 -0.124512
0.127441 1.00342 -0.123291
0.124023 1.00122 -0.121826
0.132324 1.00171 -0.124756
0.135254 1.00293 -0.123291
0.132812 1.00171 -0.126709
0.130371 1.00146 -0.125977
0.125488 1.00000 -0.125244
0.124756 1.00024 -0.125732
0.123535 1.00000 -0.125488
0.123779 0.999268 -0.124023
0.126221 0.999512 -0.124756
0.122803 0.999756 -0.127686
0.128174 1.00415 -0.126221
0.131104 1.00244 -0.126709
0.131104 1.00049 -0.126465
0.131836 1.00098 -0.126953
0.129883 1.00195 -0.130127
0.129883 1.00195 -0.130127
0.132568 0.999268 -0.128906
0.132812 0.998779 -0.132324
0.131836 1.00073 -0.127197
0.132568 1.00806 -0.124268
0.132568 1.00806 -0.124268
0.136475 1.00928 -0.121338
0.135498 1.01953 -0.122314
0.137207 1.01831 -0.121094
0.139404 1.01001 -0.118408
0.144287 1.00635 -0.113037
0.148682 1.00854 -0.109863
0.152588 1.01636 -0.106445
0.146484 1.02002 -0.107422
0.135498 1.03247 -0.101074
0.131104 1.04468 -0.0961914
0.122559 1.06079 -0.0849609
0.109131 1.08838 -0.0585938
0.106445 1.13110 -0.0239258
0.115479 1.15674 -0.00415039
0.127930 1.18018 -0.0119629
0.140137 1.21216 -0.00366211
0.129639 1.13818 -0.0524902
0.121338 1.09888 -0.0559082
0.0993652 1.08716 0.000488281
0.0856934 1.04468 0.108643
0.104004 1.03735 0.304688
0.104004 1.03735 0.304688
0.103760 0.928711 0.342529
0.103760 0.928711 0.342529
0.0803223 1.12671 0.517822
0.134521 1.10352 0.526611
0.152832 1.08472 0.488525
0.151123 1.09399 0.477783
0.154297 1.10815 0.488281
0.159668 1.12256 0.498291
0.169189 1.12061 0.492432
0.187988 1.11768 0.479736
0.194580 1.12646 0.470703
0.192871 1.13281 0.449707
0.183594 1.13721 0.444824
0.174316 1.14453 0.442627
0.177246 1.15454 0.449219
0.184326 1.16406 0.444580
0.190674 1.15112 0.418945
0.189209 1.15576 0.414795
0.189209 1.15576 0.414795
0.189209 1.15576 0.414795
0.189209 1.15576 0.414795
0.149658 1.17310 0.437500
0.130371 1.17505 0.431152
0.110352 1.20557 0.432617
0.113770 1.21240 0.418213
0.137451 1.22290 0.429199
0.167236 1.21558 0.446289
0.167969 1.19067 0.453369
0.164795 1.15283 0.454834
0.175781 1.12769 0.460938
0.199707 1.10400 0.473389
0.222900 1.08472 0.491455
0.222412 1.05566 0.511963
0.221680 1.02124 0.539551
0.229980 1.00244 0.566406
0.204590 0.968018 0.579346
0.157959 0.963867 0.622314
0.149170 0.910156 0.552490
0.172852 0.925781 0.574463
0.175537 0.915771 0.604980
0.166748 0.858643 0.610840
0.156006 0.802979 0.662598
0.140137 0.787354 0.730225
0.142578 0.766357 0.774170
0.151611 0.727783 0.785889
0.162354 0.687988 0.775391
0.173340 0.671875 0.789795
0.184570 0.636963 0.795654
0.198975 0.588623 0.809326
0.220215 0.534912 0.811523
0.210205 0.509521 0.795898
0.198975 0.447266 0.762207
0.197754 0.452148 0.806152
0.175049 0.450928 0.835693
0.194824 0.409424 0.854248
0.234863 0.384521 0.898438
0.240723 0.340088 0.893799
0.219971 0.323730 0.909180
0.174805 0.309814 0.884277
0.174805 0.309814 0.884277
0.184326 0.282715 0.889160
0.202637 0.238770 0.886230
0.220703 0.208984 0.870361
0.237061 0.165527 0.834229
0.257324 0.138672 0.822266
0.269775 0.108887 0.819824
0.236816 0.0791016 0.800781
0.181885 0.0661621 0.785400
0.154297 0.0727539 0.782227
0.134521 0.0922852 0.779053
0.148682 0.0732422 0.709229
0.149658 0.00756836 0.651123
0.140869 -0.00219727 0.653320
0.0988770 -0.00756836 0.637207
0.0886230 -0.0234375 0.612305
0.0920410 -0.0500488 0.580078
0.103516 -0.0656738 0.558350
0.0947266 -0.0642090 0.543213
0.0656738 -0.0478516 0.564209
0.0498047 -0.0219727 0.575195
0.0498047 -0.0219727 0.575195
0.0983887 -0.0815430 0.506104
0.0925293 -0.125977 0.459961
0.0744629 -0.128662 0.466309
0.0561523 -0.126953 0.484863
0.0683594 -0.120361 0.498535
0.0915527 -0.134766 0.490723
0.104980 -0.146240 0.469727
0.0905762 -0.152344 0.462402
0.0715332 -0.150635 0.466797
0.0642090 -0.136719 0.481934
0.0441895 -0.116699 0.495361
0.0388184 -0.110107 0.492432
0.0646973 -0.0983887 0.506104
0.0903320 -0.0988770 0.517090
0.0734863 -0.0988770 0.521240
0.0847168 -0.0847168 0.554932
0.0681152 -0.0705566 0.548828
0.0944824 -0.0666504 0.546631
0.106689 -0.0190430 0.591553
0.0971680 -0.00756836 0.571777
0.107178 0.0173340 0.579102
0.108643 0.0554199 0.597900
0.107422 0.0974121 0.609375
0.119385 0.142822 0.634766
0.165039 0.171387 0.696289
0.183594 0.171631 0.700684
0.183105 0.182129 0.717529
0.183594 0.215332 0.746826
0.174805 0.242920 0.781494
0.164062 0.256592 0.771240
0.202393 0.265137 0.758057
0.221436 0.299805 0.783203
0.219238 0.361816 0.787109
0.199951 0.371094 0.731689
0.199951 0.371094 0.731689
0.196289 0.453613 0.622803
0.221680 0.525879 0.587646
0.228027 0.621094 0.562988
0.222168 0.696777 0.548828
0.222168 0.696777 0.548828
0.216064 0.949951 0.745361
0.170166 0.883545 0.728760
0.202393 0.849365 0.640137
0.262695 0.884521 0.585938
0.318604 0.944336 0.598389
0.322266 1.01538 0.674316
0.303711 1.06396 0.754150
0.270996 1.02344 0.762451
0.264404 0.994629 0.729736
0.276123 0.977051 0.664307
0.302979 1.00439 0.649414
0.325928 1.07715 0.663574
0.324707 1.11475 0.684814
0.311035 1.15552 0.753662
0.283691 1.13867 0.741455
0.289795 1.12256 0.727295
0.291992 1.13257 0.720215
0.287354 1.13354 0.687256
0.279053 1.12720 0.618408
0.267334 1.16016 0.611084
0.237549 1.21460 0.636475
0.195068 1.24609 0.682373
0.166016 1.25659 0.666748
0.179932 1.18945 0.647217
0.208984 1.18262 0.633789
0.226807 1.16870 0.589600
0.229492 1.15991 0.563721
0.226562 1.14575 0.513184
0.222900 1.12793 0.470215
0.218750 1.14673 0.461426
0.218750 1.14673 0.461426
0.167969 1.18823 0.515869
0.156494 1.16504 0.496582
0.176758 1.13232 0.467041
0.197754 1.10132 0.451172
0.218262 1.08032 0.437256
0.213379 1.05640 0.423828
0.193848 1.04834 0.412354
0.174316 1.03735 0.386475
0.159180 1.03198 0.344971
0.159424 1.03369 0.304932
0.163818 1.02588 0.260742
0.179443 1.02759 0.241699
0.159424 1.02856 0.216553
0.158691 1.01660 0.208252
0.153564 1.01855 0.204834
0.165039 1.02271 0.190430
0.180176 1.00586 0.165527
0.180176 1.00586 0.165527
0.189453 0.996338 0.158691
0.184082 0.974854 0.134277
0.178711 0.981689 0.138916
0.174316 0.988037 0.128418
0.162842 0.994629 0.112061
0.150146 1.00488 0.0910645
0.150879 1.02319 0.0793457
0.159180 1.02466 0.0683594
0.169189 1.02393 0.0541992
0.166748 1.00610 0.0388184
0.164062 1.01904 0.0463867
0.157959 1.02637 0.0561523
0.152344 1.02515 0.0559082
0.146729 1.03296 0.0444336
0.134277 1.03198 0.0253906
0.130127 1.03979 0.0148926
0.130859 1.04077 0.0217285
0.141357 1.03760 0.0244141
0.152100 1.02832 0.0202637
0.153076 1.02661 0.0100098
0.157471 1.01855 -0.000244141
0.156250 1.01660 -0.0131836
0.149414 1.02344 -0.0214844
0.143799 1.02612 -0.0280762
0.137451 1.02490 -0.0332031
0.133789 1.01562 -0.0373535
0.134277 1.00879 -0.0427246
0.134766 1.00146 -0.0473633
0.133301 0.987793 -0.0520020
0.127197 0.992188 -0.0546875
0.111328 0.998535 -0.0651855
0.0979004 0.983643 -0.108643
0.0964355 1.00342 -0.111816
0.108398 1.01294 -0.100830
0.114502 1.02271 -0.0720215
0.126953 1.02515 -0.0473633
0.134521 1.01929 -0.0522461
0.136475 1.01807 -0.0654297
0.134766 1.02368 -0.0703125
0.134521 1.02686 -0.0610352
0.137451 1.02490 -0.0588379
0.138184 1.02661 -0.0471191
0.145996 1.02588 -0.0351562
0.149902 1.01855 -0.0275879
0.150391 1.02148 -0.0263672
0.147217 1.00757 -0.0285645
0.148926 1.01758 -0.0231934
0.156494 1.01807 -0.0126953
0.165527 1.01489 -0.00927734
0.171875 1.01172 0.000244141
0.175049 1.00830 0.00659180
0.170654 0.996094 0.00341797
0.166260 0.998047 0.00732422
0.166016 0.997559 0.0151367
0.168457 0.998047 0.0214844
0.169922 1.00000 0.0302734
0.174316 1.00317 0.0397949
0.174316 1.00317 0.0397949
0.175781 1.01440 0.0690918
0.175537 1.01514 0.0895996
0.178955 1.01343 0.101807
0.182861 1.01611 0.124512
0.182861 1.01611 0.124512
0.188721 1.02637 0.166504
0.188721 1.02637 0.166504
0.197998 1.01099 0.209961
0.207275 1.00293 0.234863
0.215820 0.989502 0.263672
0.207764 0.983643 0.285645
0.193848 0.994873 0.302246
0.184570 1.01562 0.316162
0.184570 1.01562 0.316162
0.212402 1.05884 0.355225
0.223633 1.06543 0.375488
0.226562 1.07788 0.398682
0.230713 1.10034 0.441162
0.230713 1.10034 0.441162
0.216553 1.09131 0.443604
0.202148 1.10864 0.446533
0.202148 1.10864 0.446533
0.229736 1.08374 0.420410
0.244629 1.08276 0.417480
0.251953 1.10010 0.455811
0.239258 1.12183 0.490234
0.219238 1.12671 0.506104
0.200439 1.12915 0.512451
0.197754 1.13550 0.506836
0.201660 1.14282 0.491943
0.201660 1.14551 0.482422
0.201660 1.14551 0.482422
0.191895 1.16089 0.497803
0.189941 1.16309 0.502686
0.192383 1.15991 0.487793
0.179199 1.17529 0.483154
0.182129 1.15698 0.484375
0.188477 1.15234 0.517578
0.210938 1.13574 0.554688
0.245361 1.12354 0.621826
0.269531 1.10303 0.682617
0.290039 1.08130 0.730469
0.300049 1.05396 0.765381
0.297852 1.02319 0.783936
0.286621 1.01001 0.806885
0.291260 1.01904 0.836914
0.306396 1.03369 0.823730
0.313965 1.01904 0.802246
0.298096 1.00122 0.792236
0.252686 0.963135 0.766357
0.213867 0.928223 0.754883
0.164551 0.907471 0.791016
0.116211 0.871094 0.812500
0.0920410 0.818115 0.838135
0.105713 0.767334 0.866211
0.144287 0.717529 0.854004
0.211426 0.665527 0.823486
0.265381 0.625244 0.776367
0.296631 0.604980 0.743408
0.311035 0.601074 0.743896
0.342041 0.581055 0.726562
0.372803 0.524658 0.711670
0.373291 0.467285 0.681885
0.359619 0.426270 0.679688
0.319580 0.393799 0.687256
0.247314 0.361328 0.684570
0.201904 0.331787 0.666992
0.179199 0.315186 0.689941
0.182617 0.282715 0.672363
0.169922 0.244385 0.652344
0.161377 0.212646 0.629150
0.160645 0.173828 0.601807
0.159668 0.136963 0.580322
0.157471 0.120361 0.590576
0.139404 0.0861816 0.579346
0.134277 0.0344238 0.528076
0.142822 -0.00976562 0.483398
0.159668 -0.0341797 0.466553
0.163818 -0.0363770 0.490234
0.150146 -0.0463867 0.492432
0.135254 -0.0554199 0.483154
0.128906 -0.0441895 0.479248
0.128662 -0.0446777 0.478516
0.141357 -0.0261230 0.513672
0.138672 -0.00415039 0.547607
0.146240 -0.0195312 0.517578
0.177979 -0.0500488 0.489258
0.177979 -0.0500488 0.489258
0.144775 -0.0490723 0.523193
0.135742 -0.0468750 0.536377
0.143311 -0.0161133 0.566650
0.145508 -0.00610352 0.587891
0.155273 -0.0107422 0.590576
0.159912 -0.0126953 0.626465
0.183838 -0.0449219 0.638916
0.192627 -0.0603027 0.661865
0.192627 -0.0449219 0.701172
0.195312 -0.0253906 0.708008
0.200439 -0.00146484 0.724121
0.194580 0.0180664 0.750977
0.186768 0.0439453 0.779053
0.190186 0.0468750 0.804443
0.177490 0.0556641 0.826904
0.175049 0.0546875 0.837646
0.183594 0.0654297 0.840820
0.181152 0.0505371 0.819092
0.198486 0.0500488 0.818848
0.203125 0.0524902 0.805176
0.203125 0.0524902 0.805176
0.210938 0.0688477 0.738525
0.198975 0.0883789 0.723877
0.177490 0.129150 0.724365
0.153809 0.190430 0.743652
0.158936 0.213379 0.750488
0.164062 0.264893 0.756592
0.164551 0.266602 0.725342
0.195068 0.292969 0.721680
0.200195 0.309814 0.723633
0.177002 0.320801 0.693359
0.156494 0.350098 0.650391
0.146240 0.373291 0.572998
0.144287 0.433105 0.562988
0.163330 0.535889 0.595947
0.174805 0.619385 0.631836
0.181152 0.674561 0.660645
0.191650 0.698975 0.684082
0.195312 0.671143 0.655518
0.249268 0.670166 0.639404
0.292969 0.701416 0.652100
0.323730 0.719971 0.652588
0.330566 0.734619 0.615723
0.324707 0.767090 0.564941
0.327393 0.813477 0.545898
0.323242 0.887451 0.574951
0.304932 0.944336 0.580322
0.284912 0.944580 0.556641
0.282959 0.969727 0.523682
0.294678 1.01318 0.529053
0.318848 1.07324 0.570312
0.323486 1.08374 0.577148
0.313477 1.05493 0.525635
0.302002 1.06567 0.463623
0.274902 1.10229 0.404053
0.260742 1.15039 0.388672
0.255859 1.24536 0.470459
0.219727 1.29077 0.535645
0.188965 1.26611 0.543457
0.170654 1.22168 0.520752
0.200195 1.20825 0.522705
0.221191 1.19995 0.515137
0.228516 1.17163 0.483887
0.213135 1.16064 0.453857
0.199463 1.17603 0.444336
0.199951 1.21509 0.493652
0.206299 1.24463 0.568115
0.199463 1.22607 0.599365
0.204590 1.18091 0.593018
0.216064 1.16821 0.572266
0.234375 1.14209 0.525391
0.264160 1.13647 0.489990
0.274902 1.12964 0.460693
0.266113 1.12842 0.454102
0.249512 1.10864 0.414551
0.245850 1.13574 0.419189
0.244873 1.14160 0.391113
0.264160 1.13501 0.370605
0.296387 1.12402 0.366211
0.317627 1.10645 0.363281
0.319824 1.06689 0.332031
0.318604 1.05103 0.319092
0.306641 1.03882 0.309814
0.285400 1.02588 0.278564
0.258545 1.02197 0.245117
0.231201 1.02417 0.200195
0.211914 1.02051 0.158691
0.206299 1.02002 0.111572
0.204834 1.01611 0.0754395
0.198730 1.01172 0.0349121
0.197021 1.01660 0.0163574
0.191650 1.01538 0.00292969
0.187500 1.01855 -0.00878906
0.174805 1.02979 -0.0161133
0.157959 1.01318 -0.0500488
0.149170 1.03003 -0.0373535
0.145020 1.00854 -0.0498047
0.138428 1.01489 -0.0339355
0.140137 1.01147 -0.0280762
0.142822 1.01367 -0.0285645
0.139160 1.00977 -0.0327148
0.143555 1.01562 -0.0334473
0.148682 1.02075 -0.0263672
0.150635 1.00977 -0.0383301
0.142822 1.01733 -0.0461426
0.134521 1.02271 -0.0437012
0.129639 1.03223 -0.0366211
0.130615 1.02734 -0.0270996
0.134521 1.01782 -0.0324707
0.130859 1.01538 -0.0375977
0.124756 1.01855 -0.0380859
0.108398 1.02637 -0.0375977
0.105713 1.01587 -0.0432129
0.106689 1.02100 -0.0422363
0.111084 1.03320 -0.0358887
0.111084 1.01733 -0.0493164
0.116699 1.02075 -0.0476074
0.118652 1.02100 -0.0427246
0.127197 1.01074 -0.0361328
0.130859 1.00146 -0.0327148
0.130859 0.991211 -0.0437012
0.133545 0.985352 -0.0451660
0.142090 0.981689 -0.0500488
0.146484 0.982178 -0.0534668
0.145264 0.982178 -0.0502930
0.142334 0.979492 -0.0539551
0.146240 0.980957 -0.0571289
0.148438 0.980469 -0.0688477
0.148438 0.981689 -0.0822754
0.151611 0.998535 -0.0742188
0.158203 0.998779 -0.0759277
0.159668 1.00269 -0.0844727
0.159668 1.00269 -0.0844727
0.166992 1.02368 -0.0903320
0.166992 1.02173 -0.0935059
0.165771 1.02344 -0.0932617
0.166748 1.02051 -0.0966797
0.175049 1.01538 -0.0937500
0.187012 1.01636 -0.0891113
0.187744 1.01123 -0.0834961
0.181152 1.00488 -0.0812988
0.173584 1.00122 -0.0830078
0.169189 0.999756 -0.0856934
0.175781 0.993408 -0.0844727
0.184082 0.983154 -0.0805664
0.192383 0.969727 -0.0773926
0.201416 0.961426 -0.0717773
0.218750 0.952148 -0.0729980
0.232422 0.941162 -0.0644531
0.218994 0.930908 -0.0664062
0.208252 0.932861 -0.0554199
0.196289 0.938965 -0.0466309
0.192871 0.954346 -0.0424805
0.192871 0.954346 -0.0424805
0.176025 0.977539 -0.0629883
0.115234 0.998535 -0.130859
0.100342 1.10693 -0.0585938
0.0937500 1.14062 0.0161133
0.0866699 1.08105 -0.0334473
0.0810547 1.08838 -0.0954590
0.0808105 1.14331 -0.0405273
0.103516 1.11279 -0.0209961
0.130859 1.06494 0.00659180
0.158447 1.03540 0.0112305
0.176025 1.01831 0.00781250
0.183105 1.00195 -0.00366211
0.178955 0.996826 -0.00634766
0.179199 0.975098 -0.0212402
0.180420 0.984619 -0.00219727
0.172852 0.978271 0.0119629
0.155518 0.976074 0.0131836
0.132080 0.979248 0.0107422
0.116455 0.980957 0.00659180
0.110352 0.986084 0.00292969
0.119629 0.994873 -0.00268555
0.132568 0.997803 -0.00854492
0.150391 0.999512 -0.0114746
0.167969 0.998291 -0.0148926
0.180420 0.996826 -0.0158691
0.178955 0.996338 -0.0161133
0.172119 0.998779 -0.0258789
0.154297 1.01001 -0.0273438
0.147217 1.00122 -0.0451660
0.144531 1.00952 -0.0463867
0.151611 1.01733 -0.0280762
0.163818 1.01904 -0.00976562
0.168945 1.02490 -0.00122070
0.169678 1.03345 0.00268555
0.165283 1.03516 0.00317383
0.164795 1.04053 0.0153809
0.171143 1.03979 0.0297852
0.178467 1.03003 0.0532227
0.184814 1.02393 0.0720215
0.189453 1.01685 0.0769043
0.193604 1.01978 0.0898438
0.188721 1.02002 0.0944824
0.187988 1.02466 0.111084
0.191162 1.01855 0.119385
0.193359 1.02197 0.138916
0.207031 1.01660 0.155762
0.208252 1.01343 0.177490
0.209717 1.00610 0.184814
0.211670 1.00464 0.210449
0.209473 1.01147 0.236572
0.206055 1.01050 0.252441
0.211914 1.01733 0.279053
0.213867 1.02417 0.304443
0.219238 1.02979 0.328613
0.223145 1.02539 0.346191
0.229248 1.02612 0.359863
0.231934 1.03174 0.369629
0.225586 1.04468 0.379883
0.229248 1.05225 0.388916
0.229248 1.06201 0.402344
0.230713 1.06323 0.400391
0.233643 1.07080 0.415283
0.227539 1.08032 0.421387
0.221924 1.09424 0.429199
0.221680 1.11987 0.440430
0.226074 1.13452 0.450684
0.231689 1.15161 0.477783
0.238037 1.15625 0.493408
0.241211 1.14648 0.528320
0.239502 1.12769 0.557861
0.237549 1.08716 0.580811
0.232666 1.05688 0.594482
0.231445 1.04419 0.600342
0.224609 1.03906 0.592041
0.217041 1.03638 0.577637
0.210205 1.04541 0.575439
0.202148 1.06030 0.572998
0.201172 1.07593 0.569336
0.201904 1.09766 0.576172
0.209717 1.09595 0.563721
0.223877 1.09277 0.573486
0.202881 1.06860 0.573730
0.236084 1.04199 0.608154
0.233887 1.01367 0.612305
0.237305 0.986084 0.617432
0.240479 0.968506 0.651855
0.236572 0.930420 0.681396
0.236572 0.895752 0.680908
0.233887 0.874023 0.669434
0.234375 0.868896 0.657959
0.226807 0.859131 0.655273
0.226807 0.859131 0.655273
0.226807 0.859131 0.655273
0.201660 0.770996 0.644531
0.201904 0.737305 0.626221
0.201904 0.737305 0.626221
0.216309 0.685547 0.613525
0.216309 0.685547 0.613525
0.218994 0.595703 0.650635
0.227539 0.564209 0.669434
0.243896 0.526855 0.678467
0.241455 0.487793 0.671143
0.245850 0.478760 0.696289
0.258789 0.462402 0.703369
0.292725 0.461670 0.729736
0.331055 0.428955 0.719727
0.368896 0.392822 0.706299
0.389648 0.368408 0.725586
0.374512 0.355713 0.762695
0.355469 0.325439 0.788574
0.353760 0.301270 0.803955
0.353271 0.251465 0.793213
0.322266 0.223389 0.808105
0.281494 0.203125 0.807617
0.239746 0.183838 0.811523
0.226562 0.173828 0.795166
0.241943 0.170654 0.789307
0.280518 0.158203 0.794189
0.317627 0.161133 0.809326
0.320312 0.125732 0.812744
0.312500 0.0954590 0.810791
0.300049 0.0842285 0.819092
0.303467 0.0690918 0.823975
0.306396 0.0534668 0.800781
0.301025 0.0551758 0.791748
0.290283 0.0412598 0.750000
0.283447 0.0280762 0.724121
0.262939 0.0292969 0.730713
0.235840 0.00463867 0.701904
0.220459 -0.00512695 0.691162
0.216553 0.0100098 0.679688
0.203125 0.00463867 0.663574
0.188965 0.0112305 0.656006
0.171631 0.0122070 0.651367
0.169922 0.000488281 0.628418
0.173828 -0.0234375 0.578125
0.171143 -0.0292969 0.554688
0.166748 -0.0324707 0.546631
0.175049 -0.0417480 0.533936
0.190918 -0.0417480 0.522949
0.190918 -0.0280762 0.532715
0.178467 -0.0258789 0.542236
0.174561 -0.0136719 0.561523
0.155762 -0.00341797 0.583252
0.146973 -0.00830078 0.594482
0.160400 -0.0114746 0.608643
0.163818 -0.0119629 0.634521
0.175049 -0.0236816 0.639648
0.180908 -0.0119629 0.657471
0.183350 -0.000976562 0.674072
0.192383 0.0246582 0.701416
0.211182 0.0307617 0.702393
0.231689 0.0344238 0.686035
0.233887 0.0390625 0.665527
0.227539 0.0449219 0.654785
0.222900 0.0419922 0.622070
0.222656 0.0522461 0.598633
0.201904 0.0820312 0.594727
0.175781 0.172852 0.673828
0.158936 0.232422 0.712891
0.178223 0.233887 0.673828
0.232666 0.269531 0.719238
0.232666 0.269531 0.719238
0.232666 0.269531 0.719238
0.191895 0.337402 0.615479
0.209229 0.404785 0.591309
0.223389 0.477539 0.606201
0.278076 0.510498 0.645508
0.319092 0.602783 0.782227
0.319092 0.602783 0.782227
0.158447 0.556641 0.719727
0.182617 0.575684 0.687500
0.182617 0.575684 0.687500
0.250488 0.663330 0.769043
0.261475 0.683105 0.713623
0.310791 0.758057 0.717773
0.394775 0.785400 0.700439
0.436279 0.763916 0.662842
0.451904 0.771240 0.627441
0.442871 0.823486 0.622070
0.378418 0.899658 0.627197
0.320801 0.986084 0.615723
0.300781 1.03882 0.607910
0.308838 1.07812 0.605225
0.343994 1.08838 0.598389
0.360107 1.09717 0.631348
0.345459 1.08765 0.617676
0.320801 1.07153 0.596191
0.298828 1.09473 0.614990
0.285889 1.08594 0.593506
0.293213 1.06616 0.539551
0.317627 1.08887 0.526123
0.316406 1.11011 0.525391
0.291016 1.10522 0.495850
0.265381 1.09326 0.458984
0.258301 1.09937 0.436523
0.258301 1.12012 0.456055
0.245117 1.13843 0.467529
0.221680 1.13452 0.452393
0.206299 1.16187 0.456055
0.200195 1.15381 0.449463
0.201904 1.14819 0.458496
0.208984 1.13770 0.464355
0.202637 1.09180 0.421143
0.204102 1.10181 0.411133
0.190918 1.10474 0.386963
0.183838 1.11548 0.360596
0.176758 1.12036 0.341064
0.183594 1.13696 0.352051
0.185059 1.15381 0.375000
0.193115 1.12769 0.357910
0.205811 1.13330 0.349854
0.218018 1.13623 0.348145
0.218262 1.11230 0.322754
0.211670 1.11108 0.319824
0.197998 1.09863 0.302734
0.192627 1.09180 0.294434
0.187988 1.06421 0.250977
0.184570 1.05835 0.226318
0.181396 1.06055 0.212646
0.178711 1.06152 0.209717
0.166504 1.05469 0.191650
0.160400 1.04321 0.169189
0.159424 1.04541 0.154297
0.168701 1.04028 0.145264
0.175293 1.03076 0.127197
0.170654 1.03003 0.116455
0.163330 1.03613 0.117676
0.155029 1.02319 0.0966797
0.155029 1.02319 0.0966797
0.158203 1.03003 0.0505371
0.168213 1.03125 0.0183105
0.141113 1.04150 0.00756836
0.162598 1.06055 0.0598145
0.260986 1.04004 0.0415039
0.257324 1.02515 -0.00585938
0.217773 1.04028 -0.0275879
0.192383 1.04028 -0.0415039
0.177734 1.02295 -0.0734863
0.151611 1.01318 -0.0925293
0.141357 1.01392 -0.105469
0.130615 1.01611 -0.112061
0.111816 1.00366 -0.118652
0.104248 0.993408 -0.125000
0.112061 0.993652 -0.114746
0.119385 0.973145 -0.113770
0.118164 0.962158 -0.109619
0.126709 0.952881 -0.115234
0.131592 0.938721 -0.134033
0.138916 0.939209 -0.147949
0.138916 0.953857 -0.146973
0.132324 0.963379 -0.151367
0.125488 0.979248 -0.152832
0.113525 0.996826 -0.154541
0.0861816 1.02197 -0.146484
0.0756836 1.04346 -0.132812
0.0798340 1.05127 -0.116211
0.118896 1.04956 -0.104492
0.144043 1.04272 -0.102783
0.157715 1.04932 -0.0927734
0.160645 1.04590 -0.0837402
0.164795 1.04224 -0.0771484
0.164307 1.03174 -0.0881348
0.151123 1.02441 -0.104492
0.139160 1.02173 -0.109619
0.132812 1.00464 -0.115479
0.125000 0.999512 -0.110596
0.120605 0.997070 -0.107422
0.110352 0.991455 -0.107910
0.109863 0.986816 -0.107910
0.110840 0.985596 -0.108398
0.115967 0.982422 -0.108398
0.119629 0.983154 -0.105225
0.113525 0.980225 -0.103760
0.115479 0.982666 -0.0959473
0.116211 0.984375 -0.102295
0.113770 0.992920 -0.103027
0.115479 0.994385 -0.105225
0.113037 0.998291 -0.109863
0.115723 1.00171 -0.110107
0.114502 1.00024 -0.111816
0.125244 0.997803 -0.110107
0.130859 1.00146 -0.113037
0.139893 1.00610 -0.110107
0.145996 1.01025 -0.110107
0.143799 1.01343 -0.109619
0.145508 1.01636 -0.109619
0.148682 1.02173 -0.110840
0.145752 1.01978 -0.108154
0.135254 1.01172 -0.106201
0.132080 1.01074 -0.107178
0.131348 1.00000 -0.109131
0.130371 1.00024 -0.106934
0.126709 0.998779 -0.104736
0.125000 0.994385 -0.105469
0.126465 0.998535 -0.106201
0.123779 0.999268 -0.112793
0.125488 1.00098 -0.111572
0.128174 1.00757 -0.109375
0.130371 1.00977 -0.106201
0.135498 1.01001 -0.107910
0.141113 1.01221 -0.106934
0.144531 1.01685 -0.105225
0.143066 1.00708 -0.108887
0.138184 1.00610 -0.105713
0.134766 1.00830 -0.101807
0.135498 1.01074 -0.103760
0.133545 1.01343 -0.0971680
0.130127 1.02368 -0.0996094
0.131104 1.02490 -0.100098
0.134033 1.02490 -0.0971680
0.133057 1.02661 -0.0952148
0.132812 1.02734 -0.0886230
0.138672 1.02466 -0.0834961
0.137695 1.02417 -0.0673828
0.140869 1.01929 -0.0485840
0.143066 1.02124 -0.0263672
0.146729 1.02417 -0.00830078
0.154541 1.02271 0.0266113
0.171875 1.02002 0.0529785
0.176758 1.03369 0.0832520
0.162598 1.04688 0.105225
0.138672 1.07397 0.139404
0.147217 1.08374 0.156006
0.149414 1.09399 0.191162
0.153809 1.08521 0.218018
0.165283 1.08813 0.260010
0.182861 1.09595 0.297607
0.187012 1.08325 0.300293
0.194580 1.06616 0.318359
0.199463 1.07910 0.336426
0.211914 1.04980 0.332764
0.215088 1.03491 0.337646
0.207031 1.03760 0.376953
0.195557 1.04419 0.424072
0.196777 1.03882 0.439209
0.203369 1.04907 0.449707
0.201172 1.06030 0.440674
0.205566 1.08545 0.433350
0.213379 1.10596 0.433350
0.220459 1.12476 0.437012
0.225098 1.14502 0.433350
0.227783 1.15845 0.422363
0.222168 1.17163 0.413086
0.220703 1.18652 0.401123
0.220459 1.20483 0.401367
0.221680 1.20532 0.398438
0.214355 1.20264 0.392822
0.195801 1.20728 0.376465
0.174072 1.21411 0.368652
0.166260 1.21802 0.359619
0.156250 1.21509 0.354736
0.153076 1.21191 0.350342
0.154053 1.19849 0.345459
0.168945 1.17310 0.350830
0.181641 1.13794 0.364014
0.195557 1.08374 0.365967
0.195557 1.08374 0.365967
0.195557 1.08374 0.365967
0.215820 0.973877 0.423096
0.213867 0.947754 0.475586
0.219482 0.909180 0.517090
0.219482 0.909180 0.517090
0.276367 0.846436 0.642822
0.276367 0.846436 0.642822
0.276367 0.846436 0.642822
0.256104 0.784668 0.739258
0.239258 0.779541 0.725098
0.227295 0.786133 0.725830
0.232910 0.837402 0.743164
0.232910 0.837402 0.743164
0.232910 0.837402 0.743164
0.237549 0.792480 0.696045
0.238525 0.744629 0.685547
0.244385 0.710205 0.691895
0.245850 0.666748 0.688477
0.252197 0.641602 0.711914
0.270264 0.607422 0.728271
0.286865 0.563232 0.757568
0.289795 0.530029 0.764160
0.298340 0.488525 0.753418
0.280762 0.484619 0.763428
0.257812 0.479004 0.754395
0.227295 0.484863 0.762695
0.193359 0.490479 0.794678
0.173584 0.444336 0.786377
0.172852 0.428223 0.812012
0.194580 0.395020 0.812256
0.213867 0.350098 0.813477
0.212646 0.344727 0.801270
0.206055 0.320068 0.792969
0.211182 0.306641 0.790283
0.217285 0.261230 0.758789
0.232666 0.217529 0.744629
0.239258 0.197021 0.751465
0.230957 0.188232 0.776123
0.192383 0.184082 0.786377
0.163330 0.181885 0.792969
0.148926 0.179932 0.800781
0.145020 0.160156 0.796143
0.156494 0.124512 0.741943
0.166260 0.0834961 0.699951
0.163330 0.0712891 0.706543
0.133789 0.0507812 0.667725
0.118896 0.0385742 0.653809
0.126709 0.0388184 0.640381
0.135742 0.0151367 0.609375
0.135498 0.0270996 0.632080
0.135498 0.0270996 0.632080
0.125000 0.00122070 0.584473
0.141846 0.00122070 0.593018
0.143311 -0.0119629 0.572021
0.126953 -0.0163574 0.582520
0.100098 0.0195312 0.618896
0.0942383 0.0134277 0.609375
0.118896 -0.00756836 0.591309
0.141602 -0.0212402 0.612305
0.111328 0.00415039 0.677246
0.111328 0.00415039 0.677246
0.118652 0.00000 0.698242
0.117432 0.00854492 0.718262
0.119873 0.0261230 0.745850
0.131836 0.0280762 0.773438
0.142578 0.0351562 0.806152
0.138672 0.0217285 0.804443
0.156738 0.00000 0.792725
0.152344 0.0104980 0.830566
0.142090 0.00781250 0.826172
0.159912 0.00146484 0.784912
0.176758 -0.00170898 0.768311
0.171875 0.0151367 0.781982
0.150146 0.0473633 0.798828
0.149414 0.0688477 0.803711
0.154297 0.0742188 0.786377
0.169189 0.0712891 0.758057
0.154541 0.0830078 0.749756
0.121582 0.102051 0.734619
0.116455 0.114990 0.715820
0.132080 0.163330 0.714844
0.132080 0.163330 0.714844
0.156006 0.197510 0.693604
0.167236 0.298828 0.704346
0.146973 0.323486 0.681885
0.162598 0.326172 0.638916
0.168701 0.358154 0.626709
0.155762 0.400635 0.623291
0.144287 0.452881 0.605713
0.122803 0.513184 0.587891
0.104004 0.569336 0.584229
0.104004 0.569336 0.584229
0.122070 0.691162 0.604004
0.141846 0.719727 0.601807
0.162354 0.759277 0.617920
0.200684 0.799561 0.665283
0.200684 0.799561 0.665283
0.330322 0.796387 0.750977
0.369141 0.760254 0.750977
0.354248 0.737549 0.709961
0.319336 0.764648 0.715332
0.289307 0.767090 0.657959
0.259033 0.782227 0.574463
0.256348 0.854248 0.544434
0.238281 0.929688 0.568604
0.194580 0.963623 0.553955
0.194580 0.963623 0.553955
0.193604 0.989014 0.536377
0.216553 1.02783 0.582520
0.233154 1.02124 0.564941
0.250244 0.984131 0.488037
0.253418 1.02563 0.473389
0.225586 1.06128 0.453857
0.185547 1.12158 0.482666
0.162598 1.16382 0.516113
0.152588 1.16797 0.530273
0.177490 1.14307 0.513672
0.223389 1.12720 0.510010
0.266602 1.10620 0.488525
0.264648 1.10059 0.448730
0.237305 1.09277 0.399902
0.214600 1.15723 0.416260
0.185059 1.18433 0.415771
0.194824 1.18994 0.404541
0.230957 1.21484 0.410400
0.248535 1.21851 0.411865
0.245605 1.20508 0.406982
0.237061 1.19800 0.409424
0.233887 1.17920 0.405029
0.235107 1.14258 0.361816
0.231689 1.13306 0.351562
0.218994 1.14722 0.362305
0.202393 1.15796 0.394775
0.198486 1.14771 0.399414
0.199707 1.15747 0.407959
0.215576 1.15601 0.404541
0.233887 1.13525 0.387451
0.237549 1.11865 0.369141
0.233398 1.10962 0.343994
0.215820 1.09424 0.316162
0.202148 1.08032 0.286377
0.193848 1.07422 0.262207
0.182617 1.07153 0.231201
0.199707 1.06543 0.199951
0.220947 1.07446 0.186523
0.236328 1.06836 0.169922
0.248779 1.05518 0.150391
0.245850 1.03223 0.136963
0.249512 1.02271 0.128418
0.229980 0.998779 0.102051
0.0781250 0.952881 -0.116699
0.189697 1.25879 0.357422
0.125977 1.06567 0.258301
0.0478516 0.881592 -0.0656738
0.0654297 1.09839 -0.0368652
0.133789 1.11084 -0.0512695
0.143311 1.04346 -0.0803223
0.111816 1.02808 -0.0781250
0.113770 1.00854 -0.0827637
0.126709 1.00415 -0.0754395
0.136963 0.977783 -0.0905762
0.116699 0.964355 -0.100098
0.108398 0.971191 -0.110352
0.0966797 0.970947 -0.138184
0.0949707 0.973877 -0.167725
0.109131 0.995117 -0.170166
0.141357 1.01538 -0.114014
0.165283 1.00122 -0.0778809
0.169189 0.976807 -0.0551758
0.158936 0.978027 -0.0456543
0.165039 0.986328 -0.0415039
0.156494 0.987061 -0.0615234
0.150146 0.990479 -0.0795898
0.146973 0.992432 -0.0891113
0.150146 0.991211 -0.0947266
0.156738 0.991943 -0.0910645
0.159180 0.987549 -0.0837402
0.167236 0.988770 -0.0717773
0.170410 0.988037 -0.0651855
0.169434 0.996338 -0.0607910
0.172607 0.998291 -0.0620117
0.170654 0.996338 -0.0673828
0.163574 0.999756 -0.0781250
0.161133 1.00757 -0.0778809
0.155518 1.01050 -0.0786133
0.156494 1.01147 -0.0783691
0.154297 1.01611 -0.0751953
0.160889 1.02100 -0.0766602
0.159180 1.02417 -0.0681152
0.160645 1.02905 -0.0644531
0.150879 1.02466 -0.0598145
0.153809 1.01929 -0.0554199
0.153809 1.01489 -0.0686035
0.156738 1.00928 -0.0683594
0.164551 1.01416 -0.0710449
0.169678 1.01221 -0.0705566
0.176758 1.01514 -0.0683594
0.180176 1.01489 -0.0747070
0.180664 1.01392 -0.0781250
0.176758 1.00317 -0.0805664
0.174072 0.996582 -0.0842285
0.171143 0.989258 -0.0844727
0.172363 0.984863 -0.0834961
0.173340 0.981689 -0.0839844
0.175049 0.984619 -0.0847168
0.181396 0.984131 -0.0827637
0.185059 0.984863 -0.0888672
0.183105 0.986328 -0.0895996
0.186035 0.990234 -0.0847168
0.179932 0.988037 -0.0827637
0.176025 0.983643 -0.0791016
0.168213 0.981689 -0.0852051
0.160645 0.990967 -0.0876465
0.156982 0.997314 -0.0886230
0.156250 0.994385 -0.0910645
0.149414 0.999023 -0.0866699
0.147461 1.00757 -0.0778809
0.147949 1.01587 -0.0739746
0.148926 1.02344 -0.0666504
0.152100 1.03052 -0.0568848
0.154053 1.03027 -0.0544434
0.160645 1.02515 -0.0556641
0.171143 1.02441 -0.0598145
0.179932 1.02612 -0.0676270
0.191895 1.02344 -0.0732422
0.189209 1.01636 -0.0720215
0.181641 1.00781 -0.0725098
0.179932 1.00708 -0.0769043
0.176514 1.00464 -0.0769043
0.176025 1.00757 -0.0769043
0.173340 1.01123 -0.0703125
0.166748 1.00708 -0.0708008
0.166504 0.989502 -0.0812988
0.162598 0.985596 -0.0864258
0.152588 0.955078 -0.102051
0.148682 0.938965 -0.110596
0.141357 0.943359 -0.108887
0.146973 0.957520 -0.100098
0.153564 0.977295 -0.0800781
0.162842 0.998047 -0.0664062
0.164551 1.01758 -0.0539551
0.167725 1.03247 -0.0402832
0.172119 1.04077 -0.0354004
0.168213 1.05615 -0.0197754
0.172363 1.04346 -0.00415039
0.172363 1.04639 0.0214844
0.183105 1.03906 0.0578613
0.202881 1.04419 0.109619
0.224854 1.03760 0.203857
0.252197 1.02197 0.290771
0.273682 0.998779 0.383545
0.272217 0.955811 0.384033
0.222412 0.971191 0.355225
0.177734 1.03516 0.391846
0.188232 1.05518 0.401855
0.211182 1.06787 0.403076
0.230225 1.07520 0.385254
0.236816 1.08667 0.374756
0.246094 1.09717 0.371826
0.250244 1.12036 0.372314
0.262939 1.11987 0.375488
0.267822 1.11597 0.376709
0.265381 1.11938 0.379639
0.245117 1.08081 0.391602
0.222412 1.15039 0.373779
0.218994 1.12085 0.366699
0.224609 1.10815 0.370605
0.237549 1.08569 0.384521
0.247559 1.07471 0.413574
0.257080 1.05542 0.423584
0.269287 1.05103 0.455078
0.266602 1.06006 0.499512
0.261719 1.06348 0.536377
0.265625 1.05737 0.583740
0.275879 1.06372 0.604736
0.281006 1.08374 0.604980
0.274658 1.12402 0.593506
0.255371 1.18164 0.586182
0.235352 1.25806 0.621094
0.210205 1.27930 0.658691
0.197510 1.27271 0.683594
0.197510 1.27563 0.709229
0.187012 1.26953 0.734619
0.182617 1.26587 0.741211
0.179199 1.25073 0.771973
0.170166 1.22241 0.790039
0.151855 1.18750 0.802002
0.163330 1.17065 0.807617
0.193359 1.14136 0.806885
0.198242 1.11743 0.808838
0.234375 1.06592 0.828857
0.230469 1.00171 0.838379
0.238770 0.932617 0.830811
0.260986 0.896973 0.823486
0.277832 0.881592 0.847656
0.269287 0.870361 0.868408
0.237305 0.829590 0.861328
0.213379 0.784424 0.830322
0.203613 0.721436 0.800781
0.230469 0.670166 0.811768
0.226318 0.628662 0.788818
0.226318 0.628662 0.788818
0.225586 0.562256 0.760010
0.225586 0.562256 0.760010
0.230469 0.438477 0.741943
0.215088 0.396484 0.714111
0.194580 0.339600 0.709229
0.168945 0.303955 0.660400
0.167236 0.256836 0.617676
0.167236 0.256836 0.617676
0.167236 0.256836 0.617676
0.167236 0.256836 0.617676
0.167236 0.256836 0.617676
0.111816 0.0844727 0.471680
0.0710449 0.0546875 0.425293
0.0722656 0.0222168 0.402832
0.0874023 0.00366211 0.406738
0.0874023 0.00366211 0.406738
0.0739746 -0.0227051 0.397217
0.0747070 -0.0358887 0.380859
0.0925293 -0.0358887 0.385498
0.110596 -0.0261230 0.431152
0.109619 -0.0417480 0.459229
0.103271 -0.0676270 0.449219
0.0986328 -0.0783691 0.461670
0.0822754 -0.0822754 0.501953
0.0844727 -0.0783691 0.528076
0.0954590 -0.0854492 0.518311
0.0920410 -0.0881348 0.515381
0.105713 -0.110840 0.508789
0.111816 -0.113281 0.523438
0.0996094 -0.123535 0.528809
0.109375 -0.131348 0.535645
0.100342 -0.0983887 0.589111
0.0915527 -0.0935059 0.601562
0.109375 -0.0964355 0.592773
0.139404 -0.0937500 0.597412
0.122803 -0.0668945 0.625488
0.105225 -0.0441895 0.645508
0.0881348 -0.0285645 0.639893
0.0993652 -0.0183105 0.633057
0.128174 -0.0156250 0.622559
0.129639 0.00415039 0.639404
0.114990 0.0212402 0.665283
0.117676 0.0317383 0.672852
0.0905762 0.0625000 0.676025
0.0991211 0.101318 0.736328
0.0991211 0.101318 0.736328
0.0952148 0.125244 0.741943
0.122803 0.140869 0.775879
0.146484 0.174316 0.819824
0.132812 0.161377 0.792969
0.130615 0.159424 0.785645
0.138672 0.157959 0.772705
0.129150 0.183105 0.802490
0.0893555 0.233154 0.843994
0.0654297 0.274170 0.852783
0.0778809 0.309326 0.831299
0.133789 0.352539 0.838379
0.191406 0.420410 0.873047
0.218750 0.434082 0.879639
0.254883 0.436768 0.852539
0.268066 0.444336 0.827637
0.260498 0.464111 0.815186
0.254883 0.499023 0.806152
0.243896 0.542236 0.771973
0.236328 0.594482 0.725098
0.232910 0.645264 0.680664
0.256836 0.732666 0.667969
0.251221 0.824463 0.655518
0.229004 0.889160 0.640381
0.212891 0.923096 0.623047
0.204102 0.958984 0.621094
0.202881 0.952393 0.612549
0.219238 0.953369 0.614502
0.216553 0.953857 0.611328
0.223145 0.953125 0.662842
0.227539 0.990967 0.718506
0.222412 0.955322 0.711426
0.217041 0.934326 0.667236
0.223877 0.938232 0.607178
0.238525 0.967529 0.579102
0.237305 1.00342 0.561523
0.238525 1.04297 0.550049
0.234375 1.09277 0.573242
0.234131 1.11694 0.604736
0.231689 1.09229 0.559570
0.255371 1.08521 0.549561
0.255371 1.08521 0.549561
0.278076 1.09595 0.559814
0.264648 1.11743 0.582520
0.239990 1.10449 0.543457
0.230957 1.11206 0.526855
0.234375 1.14648 0.553467
0.235840 1.16040 0.547607
0.224854 1.15234 0.517578
0.221191 1.17383 0.513184
0.204102 1.17236 0.492920
0.203369 1.14307 0.451172
0.208740 1.14771 0.423584
0.217529 1.15137 0.428711
0.206055 1.15771 0.442871
0.195801 1.13403 0.429688
0.196533 1.11816 0.408203
0.198486 1.10547 0.394043
0.213623 1.08813 0.373779
0.213135 1.05688 0.339844
0.208740 1.03662 0.320557
0.201904 1.02026 0.282959
0.189697 1.00342 0.247070
0.176758 1.00806 0.236816
0.171143 1.01318 0.245850
0.162842 1.00830 0.248535
0.177002 1.01660 0.251465
0.198242 1.00488 0.233154
0.201904 1.00195 0.224854
0.198486 1.00781 0.236816
0.182861 0.999023 0.226074
0.178955 1.01367 0.230225
0.174561 1.01318 0.203857
0.179688 1.01904 0.175537
0.179688 1.01904 0.175537
0.0883789 1.10889 0.181641
0.288086 1.19702 0.383057
0.186035 1.07056 0.263672
0.0788574 1.09937 0.0905762
0.113281 1.18042 0.0463867
0.133789 1.13379 -0.0583496
0.124023 1.11377 -0.0771484
0.121338 1.05078 -0.0925293
0.154053 1.02539 -0.0832520
0.176758 0.994873 -0.0810547
0.180664 0.960449 -0.0754395
0.174561 0.943848 -0.0644531
0.158447 0.933594 -0.0634766
0.158447 0.934814 -0.0637207
0.171875 0.944092 -0.0603027
0.168213 0.946533 -0.0576172
0.160645 0.947510 -0.0556641
0.153564 0.962402 -0.0629883
0.168457 0.995117 -0.0520020
0.191895 1.03613 -0.0319824
0.206055 1.06079 -0.0322266
0.189453 1.08203 -0.0236816
0.174072 1.08374 -0.0380859
0.152100 1.08081 -0.0512695
0.144531 1.06519 -0.0563965
0.148682 1.03247 -0.0656738
0.155273 1.01001 -0.0607910
0.165527 0.976562 -0.0629883
0.164062 0.959717 -0.0671387
0.164062 0.959717 -0.0671387
0.151123 0.971191 -0.0625000
0.148438 0.988525 -0.0598145
0.145508 1.00244 -0.0568848
0.143311 1.00610 -0.0517578
0.138184 1.01221 -0.0495605
0.133789 1.02173 -0.0449219
0.132324 1.02612 -0.0434570
0.143311 1.02856 -0.0471191
0.150879 1.01685 -0.0510254
0.158447 1.00586 -0.0522461
0.158203 0.997803 -0.0537109
0.155273 0.992920 -0.0551758
0.147949 0.992676 -0.0520020
0.147949 0.987549 -0.0498047
0.150391 0.989746 -0.0495605
0.155029 0.994385 -0.0512695
0.162842 0.996338 -0.0605469
0.160645 0.997803 -0.0598145
0.161865 1.00269 -0.0571289
0.159668 1.00781 -0.0583496
0.169434 1.01489 -0.0573730
0.169678 1.01978 -0.0576172
0.171143 1.01392 -0.0561523
0.166504 1.01001 -0.0559082
0.159912 1.00732 -0.0566406
0.155273 1.00000 -0.0593262
0.149414 0.997070 -0.0605469
0.146240 0.995117 -0.0625000
0.143311 0.997070 -0.0642090
0.143311 0.997070 -0.0642090
0.144775 1.00854 -0.0622559
0.146484 1.00513 -0.0678711
0.149170 1.00854 -0.0720215
0.149170 1.00854 -0.0720215
0.145752 1.00464 -0.0642090
0.142090 1.00244 -0.0554199
0.146484 1.00171 -0.0534668
0.147949 0.998291 -0.0517578
0.153076 1.00098 -0.0527344
0.156738 1.00098 -0.0559082
0.159912 1.00781 -0.0603027
0.161133 1.00830 -0.0612793
0.161377 1.00879 -0.0598145
0.158203 1.00122 -0.0600586
0.158447 1.00024 -0.0566406
0.157227 1.00317 -0.0571289
0.158447 1.00000 -0.0607910
0.166748 1.00073 -0.0627441
0.168213 1.00049 -0.0659180
0.165771 1.00391 -0.0686035
0.159912 1.00171 -0.0654297
0.154785 1.00073 -0.0661621
0.149414 1.00146 -0.0776367
0.147705 1.00122 -0.0595703
0.151367 0.998047 -0.0610352
0.156006 1.00195 -0.0654297
0.151611 1.00439 -0.0617676
0.150879 1.00098 -0.0625000
0.149170 1.00317 -0.0612793
0.149170 1.00317 -0.0612793
0.155518 1.00513 -0.0566406
