2.54291e-05 7.11976e-06 1.52605e-05 3.04889e-06
2.31427e-05 6.26883e-06 1.30838e-05 3.79008e-06
1.66152e-05 4.52008e-06 9.47539e-06 2.61972e-06
1.51231e-05 6.25300e-06 6.68514e-06 2.18494e-06
1.64113e-05 7.50055e-06 6.87457e-06 2.03615e-06
1.74033e-05 5.07374e-06 7.02802e-06 5.30156e-06
1.84226e-05 5.54923e-06 7.15199e-06 5.72137e-06
1.95434e-05 4.28122e-06 7.92952e-06 7.33268e-06
2.04394e-05 3.85295e-06 1.04765e-05 6.10995e-06
1.56116e-05 3.76139e-06 7.69441e-06 4.15576e-06
1.90055e-05 5.52864e-06 9.48697e-06 3.98991e-06
1.47920e-05 4.79018e-06 6.37851e-06 3.62330e-06
1.44104e-05 6.50596e-06 4.33453e-06 3.56990e-06
1.22402e-05 5.51380e-06 3.19894e-06 3.52747e-06
1.22311e-05 4.77913e-06 3.23938e-06 4.21257e-06
1.26842e-05 5.30181e-06 2.84214e-06 4.54026e-06
1.08326e-05 4.10718e-06 3.38812e-06 3.33733e-06
9.53068e-06 4.46667e-06 2.74578e-06 2.31822e-06
1.05324e-05 5.03752e-06 3.53104e-06 1.96383e-06
9.76960e-06 6.11215e-06 2.25986e-06 1.39759e-06
9.51136e-06 5.22317e-06 2.87168e-06 1.41651e-06
1.63724e-05 8.61836e-06 4.91357e-06 2.84049e-06
1.66807e-05 6.73217e-06 7.60275e-06 2.34583e-06
1.99131e-05 1.01320e-05 6.62975e-06 3.15140e-06
1.85935e-05 6.80153e-06 7.15482e-06 4.63719e-06
2.48041e-05 6.96993e-06 1.05421e-05 7.29207e-06
2.15698e-05 5.56084e-06 9.92864e-06 6.08028e-06
2.40496e-05 5.36922e-06 1.10241e-05 7.65630e-06
1.65336e-05 3.43630e-06 7.05543e-06 6.04183e-06
2.29239e-05 4.66431e-06 1.25277e-05 5.73189e-06
2.12413e-05 4.14272e-06 8.72935e-06 8.36922e-06
2.10832e-05 6.19801e-06 9.24234e-06 5.64287e-06
1.78139e-05 6.47879e-06 5.91510e-06 5.42006e-06
1.56030e-05 4.93214e-06 7.20202e-06 3.46884e-06
1.08552e-05 3.37893e-06 4.87713e-06 2.59916e-06
1.20039e-05 2.94681e-06 5.67261e-06 3.38443e-06
1.32991e-05 2.42695e-06 5.45631e-06 5.41582e-06
1.65645e-05 2.04732e-06 5.00722e-06 9.50994e-06
1.84626e-05 5.93698e-06 4.14584e-06 8.37974e-06
1.91897e-05 5.37500e-06 5.60215e-06 8.21255e-06
1.66046e-05 6.40814e-06 4.06629e-06 6.13015e-06
1.24524e-05 4.35420e-06 3.92912e-06 4.16909e-06
9.74865e-06 2.78669e-06 2.71346e-06 4.24851e-06
6.97142e-06 2.31051e-06 1.73661e-06 2.92429e-06
7.95821e-06 3.13182e-06 2.02558e-06 2.80081e-06
1.14279e-05 3.87869e-06 5.04254e-06 2.50672e-06
1.50553e-05 4.02476e-06 7.73071e-06 3.29981e-06
1.21816e-05 2.98592e-06 6.10249e-06 3.09319e-06
1.51445e-05 3.06781e-06 5.79238e-06 6.28434e-06
1.64509e-05 2.71357e-06 8.11040e-06 5.62690e-06
1.53665e-05 2.07611e-06 6.68637e-06 6.60399e-06
1.43028e-05 3.57562e-06 6.24568e-06 4.48153e-06
1.49457e-05 3.54146e-06 7.15986e-06 4.24439e-06
1.61159e-05 3.51419e-06 6.93071e-06 5.67103e-06
1.38558e-05 3.72621e-06 4.96886e-06 5.16078e-06
1.26075e-05 3.20535e-06 4.63228e-06 4.76989e-06
1.37320e-05 3.24503e-06 6.99227e-06 3.49471e-06
1.32759e-05 5.02153e-06 5.01062e-06 3.24377e-06
2.18582e-05 3.67006e-06 1.23391e-05 5.84909e-06
1.90657e-05 3.61650e-06 8.96794e-06 6.48123e-06
2.53671e-05 6.59054e-06 1.27034e-05 6.07318e-06
2.47237e-05 5.28927e-06 1.24456e-05 6.98885e-06
2.23944e-05 4.09829e-06 1.01841e-05 8.11199e-06
1.71764e-05 3.95481e-06 7.16099e-06 6.06063e-06
2.20358e-05 3.60440e-06 9.01066e-06 9.42076e-06
1.57470e-05 3.33583e-06 5.76682e-06 6.64437e-06
1.38128e-05 3.12846e-06 6.43192e-06 4.25240e-06
1.41288e-05 3.63723e-06 6.66872e-06 3.82290e-06
1.11294e-05 3.59041e-06 4.26798e-06 3.27101e-06
1.21460e-05 4.54144e-06 5.14252e-06 2.46202e-06
1.30766e-05 5.96867e-06 5.03846e-06 2.06950e-06
1.12521e-05 3.81995e-06 5.81150e-06 1.62070e-06
1.09282e-05 5.01893e-06 4.46501e-06 1.44424e-06
1.28941e-05 7.04111e-06 3.74977e-06 2.10319e-06
1.18124e-05 5.32390e-06 4.68347e-06 1.80499e-06
9.07664e-06 3.87667e-06 3.90969e-06 1.29028e-06
1.09416e-05 2.88381e-06 6.58343e-06 1.47438e-06
8.92023e-06 2.01656e-06 5.57033e-06 1.33334e-06
7.34964e-06 2.45451e-06 3.80108e-06 1.09405e-06
5.42613e-06 1.89445e-06 2.83149e-06 7.00192e-07
9.57789e-06 4.09621e-06 3.15646e-06 2.32522e-06
1.33229e-05 6.77798e-06 4.40075e-06 2.14420e-06
1.64032e-05 6.01172e-06 6.76369e-06 3.62784e-06
1.19736e-05 4.87342e-06 4.58844e-06 2.51176e-06
1.03315e-05 4.55900e-06 3.84019e-06 1.93235e-06
9.11092e-06 4.57442e-06 2.85849e-06 1.67802e-06
8.78186e-06 4.07489e-06 3.63304e-06 1.07393e-06
9.36214e-06 3.46327e-06 4.31940e-06 1.57947e-06
1.56325e-05 3.45182e-06 6.36877e-06 5.81191e-06
1.15758e-05 3.00122e-06 4.85499e-06 3.71963e-06
1.41436e-05 3.76207e-06 6.25360e-06 4.12794e-06
1.32319e-05 3.68947e-06 5.32714e-06 4.21526e-06
1.25731e-05 3.87021e-06 4.90820e-06 3.79472e-06
1.23090e-05 4.01790e-06 4.58540e-06 3.70571e-06
1.28026e-05 2.77257e-06 4.86236e-06 5.16770e-06
1.86577e-05 6.88537e-06 4.29130e-06 7.48108e-06
1.36334e-05 4.66874e-06 2.74643e-06 6.21825e-06
1.52467e-05 4.93167e-06 2.87225e-06 7.44282e-06
1.73344e-05 3.84613e-06 3.88407e-06 9.60425e-06
1.63795e-05 4.24805e-06 3.32198e-06 8.80952e-06
1.67248e-05 5.40834e-06 3.80288e-06 7.51356e-06
1.40965e-05 5.24912e-06 3.48779e-06 5.35958e-06
1.12405e-05 4.07002e-06 3.02773e-06 4.14274e-06
1.03277e-05 3.45968e-06 2.88836e-06 3.97969e-06
1.06317e-05 3.22420e-06 4.66173e-06 2.74577e-06
1.14820e-05 2.83102e-06 3.89386e-06 4.75709e-06
1.47395e-05 2.73457e-06 7.54658e-06 4.45835e-06
1.26573e-05 1.91666e-06 7.23435e-06 3.50624e-06
1.07412e-05 2.36604e-06 4.89842e-06 3.47679e-06
1.20626e-05 1.66947e-06 3.35654e-06 7.03659e-06
1.02701e-05 1.63774e-06 3.59538e-06 5.03702e-06
9.01030e-06 2.89175e-06 2.89485e-06 3.22370e-06
7.39935e-06 2.38696e-06 2.38902e-06 2.62337e-06
5.90989e-06 1.84694e-06 2.38399e-06 1.67896e-06
1.02248e-05 1.77768e-06 4.14003e-06 4.30709e-06
7.98114e-06 1.27272e-06 3.74525e-06 2.96317e-06
7.21483e-06 1.77728e-06 2.39696e-06 3.04059e-06
4.61749e-06 1.13746e-06 1.53406e-06 1.94598e-06
6.96217e-06 2.53275e-06 2.57873e-06 1.85069e-06
1.15152e-05 5.96366e-06 3.60871e-06 1.94278e-06
1.14527e-05 5.11327e-06 3.56723e-06 2.77223e-06
1.18333e-05 6.80565e-06 3.08695e-06 1.94074e-06
1.24242e-05 6.03256e-06 4.86226e-06 1.52940e-06
1.39616e-05 7.30694e-06 4.81600e-06 1.83866e-06
1.81325e-05 4.94633e-06 1.12532e-05 1.93292e-06
1.78882e-05 8.33242e-06 7.87735e-06 1.67844e-06
2.29172e-05 1.25293e-05 8.90014e-06 1.48778e-06
1.92566e-05 1.14611e-05 5.99341e-06 1.80208e-06
2.39399e-05 1.45596e-05 7.94952e-06 1.43076e-06
2.04828e-05 1.00845e-05 6.88847e-06 3.50987e-06
1.61056e-05 7.76492e-06 6.09433e-06 2.24631e-06
2.55406e-05 1.28356e-05 7.69736e-06 5.00763e-06
3.55070e-05 1.62814e-05 1.18991e-05 7.32659e-06
4.63025e-05 2.04299e-05 2.06394e-05 5.23321e-06
4.60092e-05 2.17323e-05 1.45844e-05 9.69243e-06
5.68517e-05 2.97242e-05 1.99776e-05 7.14987e-06
5.59175e-05 3.40830e-05 1.32292e-05 8.60532e-06
4.03929e-05 2.53974e-05 9.19759e-06 5.79794e-06
3.14887e-05 1.93670e-05 7.14061e-06 4.98106e-06
2.55179e-05 1.41881e-05 7.91992e-06 3.40981e-06
2.49813e-05 9.83717e-06 1.12786e-05 3.86547e-06
2.10666e-05 9.00778e-06 7.55255e-06 4.50625e-06
1.87681e-05 6.37096e-06 8.62322e-06 3.77388e-06
2.38844e-05 1.05603e-05 1.03054e-05 3.01866e-06
2.47014e-05 8.45252e-06 1.39623e-05 2.28660e-06
4.12969e-05 6.93512e-06 2.90276e-05 5.33417e-06
3.41615e-05 7.40909e-06 1.91116e-05 7.64088e-06
3.02296e-05 7.12744e-06 1.79380e-05 5.16415e-06
2.31811e-05 5.67325e-06 1.19008e-05 5.60701e-06
1.75957e-05 6.04752e-06 7.95974e-06 3.58848e-06
1.62357e-05 6.04910e-06 5.66457e-06 4.52199e-06
1.77770e-05 6.05036e-06 6.65904e-06 5.06758e-06
1.97789e-05 5.46118e-06 8.20184e-06 6.11592e-06
1.95438e-05 7.12512e-06 7.74557e-06 4.67312e-06
1.70372e-05 7.56604e-06 5.81273e-06 3.65843e-06
1.58374e-05 8.27849e-06 3.96116e-06 3.59778e-06
1.34182e-05 7.13382e-06 2.73475e-06 3.54962e-06
1.19778e-05 4.83236e-06 2.65838e-06 4.48706e-06
9.94983e-06 4.26918e-06 2.59810e-06 3.08254e-06
1.46249e-05 4.86927e-06 3.17368e-06 6.58198e-06
1.17646e-05 4.55580e-06 2.21022e-06 4.99853e-06
1.56980e-05 5.98183e-06 1.72224e-06 7.99390e-06
1.82382e-05 3.82837e-06 1.84246e-06 1.25674e-05
1.44506e-05 2.64656e-06 2.68759e-06 9.11647e-06
2.04247e-05 6.41033e-06 3.71138e-06 1.03030e-05
2.45986e-05 5.16003e-06 4.13379e-06 1.53048e-05
2.62393e-05 5.33345e-06 5.02443e-06 1.58814e-05
2.35226e-05 7.00820e-06 3.44003e-06 1.30743e-05
2.40087e-05 1.04019e-05 2.58179e-06 1.10251e-05
1.82304e-05 7.64367e-06 1.81423e-06 8.77248e-06
2.20893e-05 5.45135e-06 3.29619e-06 1.33418e-05
2.13676e-05 7.11615e-06 5.35192e-06 8.89957e-06
2.25693e-05 1.05069e-05 4.14216e-06 7.92025e-06
1.64757e-05 8.06122e-06 3.06662e-06 5.34783e-06
1.23965e-05 6.03161e-06 2.71243e-06 3.65243e-06
1.14655e-05 4.88775e-06 2.25615e-06 4.32157e-06
1.25211e-05 5.68276e-06 2.46690e-06 4.37142e-06
1.49825e-05 9.46153e-06 2.07648e-06 3.44453e-06
1.78891e-05 1.14485e-05 1.78835e-06 4.65219e-06
2.10624e-05 8.00829e-06 2.07019e-06 1.09839e-05
2.33095e-05 9.01289e-06 4.04831e-06 1.02483e-05
2.72334e-05 1.18856e-05 3.67540e-06 1.16723e-05
2.42813e-05 1.09675e-05 5.16056e-06 8.15324e-06
2.43458e-05 1.32038e-05 5.05280e-06 6.08915e-06
2.65231e-05 1.28428e-05 4.96741e-06 8.71282e-06
2.88375e-05 1.12836e-05 9.07809e-06 8.47584e-06
2.95422e-05 7.89792e-06 1.37038e-05 7.94050e-06
2.94349e-05 8.55551e-06 1.36861e-05 7.19331e-06
4.51789e-05 2.36420e-05 1.45966e-05 6.94034e-06
5.08554e-05 2.87974e-05 1.21586e-05 9.89932e-06
3.77652e-05 1.95019e-05 9.59153e-06 8.67172e-06
3.62718e-05 2.09646e-05 6.13858e-06 9.16854e-06
3.13259e-05 1.99160e-05 5.24224e-06 6.16763e-06
3.61878e-05 2.24587e-05 3.82079e-06 9.90827e-06
3.31797e-05 1.99628e-05 5.58490e-06 7.63198e-06
3.66144e-05 1.96750e-05 4.30597e-06 1.26335e-05
4.27036e-05 2.22538e-05 4.89982e-06 1.55500e-05
4.06047e-05 1.76783e-05 8.28186e-06 1.46445e-05
4.76898e-05 1.58312e-05 1.07994e-05 2.10592e-05
3.87548e-05 1.21848e-05 1.21799e-05 1.43901e-05
3.36647e-05 1.03888e-05 8.14229e-06 1.51336e-05
2.86689e-05 9.81080e-06 8.39703e-06 1.04611e-05
2.06079e-05 6.27891e-06 5.95948e-06 8.36948e-06
2.65769e-05 1.12766e-05 9.36324e-06 5.93707e-06
3.16371e-05 1.34745e-05 1.30784e-05 5.08415e-06
2.56612e-05 1.26154e-05 9.09700e-06 3.94878e-06
2.31548e-05 9.91658e-06 9.16809e-06 4.07010e-06
2.03464e-05 6.98168e-06 8.13848e-06 5.22624e-06
2.03496e-05 5.56916e-06 9.12174e-06 5.65873e-06
1.46232e-05 3.56426e-06 6.44739e-06 4.61158e-06
1.29376e-05 3.30487e-06 6.68133e-06 2.95141e-06
1.25326e-05 2.89144e-06 5.93821e-06 3.70294e-06
1.64954e-05 3.43173e-06 7.89862e-06 5.16508e-06
1.29994e-05 3.65813e-06 5.33544e-06 4.00583e-06
1.49836e-05 3.60702e-06 7.00853e-06 4.36806e-06
1.58232e-05 2.90340e-06 8.51103e-06 4.40880e-06
1.50027e-05 3.44222e-06 5.73790e-06 5.82262e-06
1.29388e-05 2.99406e-06 4.94534e-06 4.99936e-06
1.16462e-05 3.29390e-06 3.16502e-06 5.18731e-06
9.32189e-06 3.09596e-06 2.20445e-06 4.02149e-06
1.02864e-05 4.34451e-06 1.56072e-06 4.38115e-06
9.71861e-06 3.43007e-06 2.60634e-06 3.68221e-06
1.21923e-05 3.20138e-06 4.11892e-06 4.87201e-06
1.29985e-05 3.02411e-06 3.72913e-06 6.24525e-06
1.04537e-05 2.48298e-06 3.20720e-06 4.76353e-06
1.10056e-05 5.31965e-06 2.42016e-06 3.26577e-06
1.00751e-05 5.17923e-06 2.80577e-06 2.09009e-06
1.13088e-05 5.34900e-06 3.82211e-06 2.13770e-06
1.15787e-05 4.39451e-06 4.22717e-06 2.95703e-06
9.26460e-06 3.02264e-06 3.81150e-06 2.43045e-06
1.00595e-05 2.10943e-06 3.26826e-06 4.68178e-06
1.16066e-05 3.84815e-06 2.27335e-06 5.48509e-06
1.01642e-05 2.86413e-06 3.31676e-06 3.98333e-06
1.42041e-05 6.36448e-06 2.12273e-06 5.71691e-06
1.48715e-05 7.26278e-06 2.95515e-06 4.65359e-06
1.92754e-05 6.37603e-06 4.20958e-06 8.68977e-06
1.52114e-05 5.41797e-06 3.33381e-06 6.45964e-06
1.38907e-05 4.70772e-06 3.12653e-06 6.05647e-06
1.26120e-05 3.68768e-06 3.18102e-06 5.74329e-06
9.75957e-06 3.86874e-06 2.21513e-06 3.67571e-06
8.96723e-06 2.47599e-06 1.89105e-06 4.60018e-06
8.15046e-06 2.85430e-06 1.21027e-06 4.08589e-06
6.58636e-06 2.35968e-06 1.41036e-06 2.81633e-06
8.99291e-06 2.96203e-06 2.44939e-06 3.58149e-06
7.55454e-06 2.24969e-06 2.62772e-06 2.67713e-06
1.35959e-05 4.24851e-06 4.39453e-06 4.95287e-06
1.72303e-05 6.93415e-06 3.02255e-06 7.27356e-06
1.82180e-05 1.07289e-05 2.29173e-06 5.19735e-06
1.51890e-05 8.21669e-06 2.69471e-06 4.27757e-06
1.52565e-05 8.82033e-06 2.82994e-06 3.60619e-06
1.39323e-05 7.20132e-06 2.94051e-06 3.79051e-06
1.65414e-05 9.80399e-06 3.70687e-06 3.03056e-06
1.68014e-05 1.01228e-05 4.38377e-06 2.29488e-06
2.18000e-05 1.33419e-05 4.43310e-06 4.02505e-06
2.04605e-05 9.65151e-06 3.49273e-06 7.31628e-06
1.70289e-05 6.80369e-06 4.71581e-06 5.50935e-06
1.81152e-05 5.44190e-06 5.53312e-06 7.14014e-06
1.60574e-05 4.72550e-06 3.77649e-06 7.55544e-06
1.79789e-05 6.76171e-06 5.54194e-06 5.67527e-06
1.77194e-05 6.61742e-06 5.93797e-06 5.16401e-06
1.70607e-05 9.25533e-06 3.80030e-06 4.00507e-06
1.53903e-05 6.85580e-06 5.56500e-06 2.96949e-06
1.56561e-05 6.69175e-06 6.89168e-06 2.07268e-06
1.43436e-05 4.80711e-06 7.04178e-06 2.49472e-06
1.79498e-05 7.83915e-06 7.83659e-06 2.27402e-06
1.78225e-05 5.01705e-06 1.11989e-05 1.60654e-06
2.20811e-05 1.06823e-05 9.65764e-06 1.74111e-06
2.11568e-05 8.18409e-06 1.03949e-05 2.57776e-06
1.63699e-05 5.52316e-06 8.69243e-06 2.15427e-06
1.34071e-05 5.05903e-06 6.15848e-06 2.18954e-06
1.29561e-05 5.25115e-06 5.83608e-06 1.86890e-06
1.01903e-05 4.58311e-06 3.97658e-06 1.63065e-06
1.01669e-05 4.33378e-06 3.16769e-06 2.66541e-06
9.44931e-06 3.65382e-06 2.99754e-06 2.79795e-06
9.79867e-06 3.60360e-06 3.07671e-06 3.11837e-06
1.59964e-05 8.97082e-06 4.07325e-06 2.95231e-06
1.60655e-05 8.34206e-06 3.01918e-06 4.70424e-06
1.43124e-05 8.20417e-06 2.88172e-06 3.22650e-06
1.61967e-05 7.07853e-06 4.13932e-06 4.97888e-06
2.37660e-05 5.06916e-06 1.00178e-05 8.67913e-06
2.24271e-05 6.14001e-06 9.52065e-06 6.76647e-06
2.38100e-05 6.43133e-06 1.10850e-05 6.29366e-06
2.16431e-05 6.35524e-06 7.09442e-06 8.19345e-06
2.08350e-05 7.25489e-06 4.80629e-06 8.77387e-06
1.69647e-05 6.06332e-06 3.07603e-06 7.82534e-06
1.58458e-05 5.47102e-06 3.59127e-06 6.78355e-06
2.02422e-05 7.80653e-06 2.68647e-06 9.74923e-06
1.62086e-05 6.78254e-06 2.23720e-06 7.18889e-06
1.80451e-05 6.95454e-06 2.45104e-06 8.63956e-06
1.51003e-05 4.45091e-06 3.26147e-06 7.38791e-06
1.69695e-05 4.23080e-06 5.31642e-06 7.42229e-06
1.63110e-05 4.56962e-06 6.99109e-06 4.75027e-06
1.60693e-05 4.32328e-06 7.79379e-06 3.95223e-06
2.09564e-05 7.01038e-06 1.03515e-05 3.59456e-06
1.63561e-05 5.30259e-06 7.95184e-06 3.10168e-06
1.38420e-05 5.44916e-06 5.65931e-06 2.73354e-06
1.50645e-05 7.44614e-06 5.16263e-06 2.45576e-06
1.28559e-05 5.03795e-06 4.78164e-06 3.03629e-06
1.26512e-05 5.81207e-06 3.06025e-06 3.77885e-06
1.11908e-05 5.00088e-06 3.57768e-06 2.61225e-06
1.23114e-05 3.42444e-06 4.27113e-06 4.61580e-06
1.24447e-05 2.37755e-06 5.71839e-06 4.34878e-06
1.30985e-05 1.67717e-06 7.02798e-06 4.39330e-06
9.79714e-06 1.34348e-06 4.76254e-06 3.69113e-06
6.79813e-06 9.77714e-07 3.26654e-06 2.55388e-06
7.15868e-06 7.26837e-07 3.52074e-06 2.91110e-06
7.32522e-06 1.68281e-06 3.05234e-06 2.59007e-06
8.68399e-06 1.64831e-06 2.70163e-06 4.33405e-06
9.36998e-06 3.11637e-06 2.83562e-06 3.41799e-06
1.18584e-05 3.17330e-06 2.34590e-06 6.33922e-06
1.08760e-05 2.79284e-06 1.81792e-06 6.26527e-06
1.53619e-05 4.05484e-06 1.29992e-06 1.00071e-05
1.97389e-05 4.16803e-06 1.48742e-06 1.40834e-05
2.05802e-05 5.62405e-06 2.33835e-06 1.26178e-05
2.20574e-05 9.78195e-06 1.98197e-06 1.02935e-05
2.18408e-05 1.09022e-05 3.70852e-06 7.23010e-06
2.29827e-05 9.43794e-06 2.97594e-06 1.05688e-05
2.65227e-05 1.10156e-05 3.98026e-06 1.15268e-05
1.69745e-05 7.04996e-06 2.54737e-06 7.37717e-06
1.61215e-05 7.50396e-06 3.35010e-06 5.26740e-06
1.64291e-05 9.69866e-06 2.14406e-06 4.58637e-06
1.54171e-05 7.16087e-06 2.56610e-06 5.69014e-06
1.47360e-05 5.12489e-06 1.97267e-06 7.63841e-06
1.54427e-05 5.59200e-06 2.22784e-06 7.62282e-06
1.22443e-05 4.83735e-06 2.25473e-06 5.15226e-06
8.36725e-06 3.31615e-06 1.75365e-06 3.29745e-06
9.04277e-06 2.49597e-06 3.45544e-06 3.09136e-06
1.05987e-05 3.08375e-06 2.39817e-06 5.11678e-06
1.26220e-05 3.36903e-06 2.78677e-06 6.46615e-06
9.23246e-06 2.34066e-06 2.50112e-06 4.39068e-06
7.17082e-06 1.65242e-06 2.28372e-06 3.23468e-06
6.87971e-06 1.95297e-06 2.48994e-06 2.43680e-06
5.16512e-06 1.69661e-06 1.75261e-06 1.71590e-06
9.76135e-06 3.86056e-06 1.54649e-06 4.35430e-06
1.16378e-05 4.51795e-06 3.21971e-06 3.90012e-06
1.34020e-05 6.88137e-06 2.24096e-06 4.27962e-06
1.27312e-05 7.70235e-06 2.08395e-06 2.94494e-06
1.33306e-05 8.75262e-06 1.96241e-06 2.61559e-06
1.41841e-05 1.04204e-05 1.39756e-06 2.36617e-06
1.26827e-05 8.71173e-06 1.01454e-06 2.95639e-06
2.31911e-05 1.52041e-05 1.23943e-06 6.74752e-06
1.65105e-05 1.05134e-05 1.15590e-06 4.84127e-06
1.56261e-05 8.77975e-06 1.22347e-06 5.62289e-06
1.50186e-05 6.52811e-06 1.57222e-06 6.91823e-06
1.74753e-05 7.07139e-06 3.03138e-06 7.37250e-06
2.09450e-05 4.79119e-06 3.78831e-06 1.23655e-05
1.71064e-05 3.28557e-06 3.70974e-06 1.01111e-05
1.81168e-05 6.22967e-06 3.41636e-06 8.47074e-06
1.88749e-05 8.52373e-06 3.41383e-06 6.93732e-06
2.12689e-05 1.10221e-05 4.12745e-06 6.11931e-06
2.06182e-05 1.03019e-05 4.22625e-06 6.09007e-06
2.52458e-05 1.48968e-05 3.34568e-06 7.00334e-06
1.83030e-05 9.91759e-06 2.51631e-06 5.86910e-06
2.61515e-05 1.74758e-05 2.48541e-06 6.19028e-06
2.04829e-05 1.33366e-05 1.59066e-06 5.55565e-06
2.47817e-05 1.29475e-05 5.29202e-06 6.54219e-06
2.01310e-05 1.05478e-05 4.88116e-06 4.70205e-06
1.45426e-05 7.74362e-06 3.57390e-06 3.22505e-06
1.85432e-05 9.53250e-06 5.06413e-06 3.94660e-06
1.65992e-05 7.04654e-06 4.97640e-06 4.57624e-06
2.22103e-05 7.84194e-06 3.87749e-06 1.04908e-05
1.81558e-05 5.01884e-06 4.02324e-06 9.11369e-06
1.56456e-05 3.90769e-06 3.65623e-06 8.08171e-06
1.23977e-05 3.56845e-06 3.37525e-06 5.45396e-06
1.06520e-05 3.77086e-06 3.15856e-06 3.72259e-06
1.03851e-05 4.18469e-06 2.78148e-06 3.41894e-06
8.16658e-06 3.09606e-06 2.30649e-06 2.76404e-06
5.56985e-06 2.15843e-06 1.47615e-06 1.93526e-06
1.17828e-05 2.38531e-06 3.35971e-06 6.03774e-06
8.20961e-06 2.19524e-06 2.15021e-06 3.86416e-06
9.58959e-06 2.04886e-06 2.77249e-06 4.76824e-06
1.00593e-05 3.54697e-06 2.29994e-06 4.21243e-06
1.05227e-05 4.76721e-06 1.47196e-06 4.28349e-06
9.15396e-06 3.72985e-06 1.33422e-06 4.08988e-06
1.04143e-05 5.49802e-06 1.67198e-06 3.24428e-06
1.47467e-05 7.83232e-06 4.07398e-06 2.84045e-06
1.87542e-05 8.14587e-06 8.44598e-06 2.16236e-06
1.94072e-05 7.36529e-06 5.99247e-06 6.04948e-06
2.30186e-05 7.42457e-06 8.29920e-06 7.29483e-06
2.62480e-05 6.81458e-06 7.14848e-06 1.22849e-05
2.53269e-05 6.98049e-06 5.39836e-06 1.29480e-05
2.10726e-05 5.86240e-06 3.45495e-06 1.17553e-05
1.57119e-05 3.99408e-06 2.79393e-06 8.92391e-06
1.18462e-05 3.40363e-06 2.13218e-06 6.31034e-06
8.23511e-06 2.17832e-06 1.51205e-06 4.54473e-06
6.75853e-06 1.86400e-06 1.09249e-06 3.80204e-06
8.73283e-06 2.70901e-06 1.04180e-06 4.98202e-06
6.25433e-06 2.07292e-06 7.70962e-07 3.41044e-06
9.87790e-06 3.34354e-06 3.97565e-06 2.55871e-06
9.50217e-06 2.92036e-06 4.61653e-06 1.96528e-06
1.25377e-05 5.24375e-06 6.03621e-06 1.25778e-06
8.02415e-06 3.35600e-06 3.86317e-06 8.04977e-07
5.13546e-06 2.14784e-06 2.47243e-06 5.15186e-07
5.27780e-06 2.01219e-06 2.26173e-06 1.00387e-06
7.43700e-06 1.43120e-06 4.01041e-06 1.99538e-06
1.24128e-05 2.47199e-06 8.37263e-06 1.56818e-06
1.51969e-05 1.90673e-06 1.08822e-05 2.40792e-06
1.47726e-05 1.99453e-06 1.01924e-05 2.58572e-06
1.17408e-05 2.06620e-06 6.52311e-06 3.15148e-06
1.42657e-05 3.11576e-06 7.73513e-06 3.41479e-06
1.74919e-05 2.17160e-06 1.06957e-05 4.62452e-06
1.98650e-05 2.59065e-06 7.50399e-06 9.77033e-06
2.48554e-05 4.35724e-06 7.53482e-06 1.29633e-05
2.55257e-05 6.72219e-06 1.05070e-05 8.29653e-06
2.40090e-05 6.90564e-06 1.02922e-05 6.81112e-06
1.95137e-05 7.72289e-06 6.90646e-06 4.88435e-06
2.53037e-05 9.89735e-06 9.14991e-06 6.25643e-06
2.25274e-05 8.68736e-06 9.58762e-06 4.25238e-06
1.89394e-05 6.46429e-06 7.08413e-06 5.39094e-06
1.55034e-05 5.19875e-06 4.79951e-06 5.50511e-06
1.31738e-05 4.28547e-06 3.29103e-06 5.59731e-06
2.07367e-05 6.97191e-06 6.54469e-06 7.22015e-06
2.82014e-05 9.58940e-06 9.94500e-06 8.66696e-06
2.48661e-05 9.56377e-06 9.46390e-06 5.83840e-06
2.23100e-05 8.08347e-06 8.36118e-06 5.86536e-06
1.82724e-05 6.04701e-06 7.19440e-06 5.03103e-06
2.30499e-05 9.07872e-06 4.87212e-06 9.09906e-06
2.49103e-05 1.37077e-05 5.37924e-06 5.82340e-06
3.85739e-05 1.70634e-05 6.41071e-06 1.50998e-05
4.09582e-05 2.00123e-05 6.65144e-06 1.42945e-05
3.63620e-05 1.55861e-05 1.12540e-05 9.52186e-06
4.14841e-05 1.47077e-05 1.53172e-05 1.14592e-05
5.64907e-05 2.53682e-05 2.01057e-05 1.10168e-05
4.96934e-05 2.15718e-05 1.66393e-05 1.14824e-05
5.85513e-05 2.44631e-05 1.23151e-05 2.17730e-05
4.88496e-05 2.26250e-05 7.88168e-06 1.83428e-05
4.23070e-05 1.90004e-05 7.49630e-06 1.58103e-05
3.50581e-05 1.63284e-05 8.21873e-06 1.05110e-05
3.18219e-05 1.83056e-05 6.14035e-06 7.37593e-06
2.27147e-05 1.21405e-05 4.43266e-06 6.14152e-06
3.13304e-05 1.87096e-05 5.57334e-06 7.04745e-06
5.52953e-05 3.72799e-05 7.22594e-06 1.07894e-05
5.32883e-05 3.96842e-05 6.04171e-06 7.56243e-06
6.29091e-05 5.17369e-05 4.89463e-06 6.27757e-06
6.69229e-05 5.59029e-05 5.39815e-06 5.62177e-06
6.48603e-05 4.68230e-05 1.11201e-05 6.91723e-06
9.48292e-05 6.69297e-05 2.14896e-05 6.40987e-06
0.000123439 8.55943e-05 2.88262e-05 9.01844e-06
0.000102948 7.45073e-05 2.17548e-05 6.68620e-06
8.06730e-05 5.74887e-05 1.53339e-05 7.85039e-06
5.51481e-05 3.90657e-05 1.02028e-05 5.87962e-06
4.15453e-05 2.81728e-05 7.17349e-06 6.19893e-06
2.65890e-05 1.80306e-05 4.59103e-06 3.96731e-06
4.38565e-05 3.14913e-05 6.95170e-06 5.41348e-06
6.78701e-05 4.83048e-05 1.37510e-05 5.81427e-06
5.14460e-05 3.37121e-05 1.32720e-05 4.46196e-06
3.29254e-05 2.15757e-05 8.49408e-06 2.85565e-06
3.10538e-05 2.20927e-05 6.96460e-06 1.99656e-06
2.41610e-05 1.65473e-05 4.99181e-06 2.62189e-06
2.94650e-05 2.01121e-05 7.34335e-06 2.00955e-06
2.41649e-05 1.56567e-05 6.43579e-06 2.07241e-06
1.91414e-05 1.20622e-05 5.75283e-06 1.32634e-06
1.41941e-05 8.41869e-06 4.68640e-06 1.08898e-06
1.89315e-05 7.57264e-06 7.37565e-06 3.98320e-06
1.95151e-05 5.99058e-06 1.03563e-05 3.16821e-06
2.06906e-05 6.62160e-06 1.01728e-05 3.89623e-06
2.13615e-05 4.75961e-06 1.20691e-05 4.53280e-06
2.01333e-05 7.79057e-06 8.78373e-06 3.55904e-06
1.74333e-05 6.77071e-06 8.19666e-06 2.46596e-06
2.18585e-05 8.66086e-06 6.74893e-06 6.44876e-06
2.56719e-05 7.41734e-06 1.09446e-05 7.30993e-06
2.59578e-05 5.01899e-06 1.14555e-05 9.48332e-06
3.07563e-05 6.40341e-06 1.59932e-05 8.35975e-06
2.45366e-05 4.35108e-06 1.45489e-05 5.63665e-06
2.62300e-05 2.99382e-06 1.53070e-05 7.92918e-06
2.39320e-05 4.50484e-06 1.22425e-05 7.18470e-06
2.64643e-05 4.27290e-06 1.52578e-05 6.93358e-06
2.67763e-05 5.14779e-06 1.05489e-05 1.10796e-05
3.35261e-05 4.24845e-06 1.46559e-05 1.46218e-05
3.06132e-05 8.29063e-06 1.22020e-05 1.01206e-05
3.16576e-05 8.88158e-06 1.16246e-05 1.11514e-05
2.53819e-05 1.01373e-05 7.43976e-06 7.80478e-06
2.84335e-05 1.03932e-05 6.50789e-06 1.15323e-05
3.31067e-05 1.06002e-05 5.51466e-06 1.69918e-05
3.47088e-05 1.56664e-05 3.76429e-06 1.52781e-05
3.96628e-05 1.52466e-05 4.96677e-06 1.94494e-05
5.97471e-05 2.53098e-05 6.99007e-06 2.74473e-05
4.40478e-05 1.82396e-05 4.47364e-06 2.13346e-05
4.68444e-05 2.04665e-05 7.83472e-06 1.85432e-05
4.41334e-05 1.84549e-05 1.16126e-05 1.40660e-05
3.90622e-05 1.40201e-05 1.28676e-05 1.21745e-05
2.49998e-05 8.97283e-06 8.23529e-06 7.79167e-06
1.59999e-05 5.74261e-06 5.27059e-06 4.98667e-06
1.89361e-05 4.67934e-06 7.27702e-06 6.97971e-06
2.39006e-05 1.36839e-05 5.48762e-06 4.72904e-06
4.25815e-05 1.86001e-05 1.24927e-05 1.14887e-05
4.23074e-05 1.85890e-05 1.18514e-05 1.18669e-05
7.88405e-05 4.33848e-05 2.05891e-05 1.48667e-05
0.000117491 7.06757e-05 2.93055e-05 1.75096e-05
0.000100726 6.42791e-05 1.92920e-05 1.71553e-05
0.000129462 7.87609e-05 3.28073e-05 1.78935e-05
0.000158486 8.79099e-05 5.31171e-05 1.74590e-05
0.000149708 8.96707e-05 3.92003e-05 2.08373e-05
0.000144346 6.50884e-05 5.30602e-05 2.61971e-05
0.000142642 4.82517e-05 7.28177e-05 2.15721e-05
0.000143639 5.21013e-05 6.89335e-05 2.26045e-05
0.000132341 4.48538e-05 6.69051e-05 2.05823e-05
0.000147796 4.92648e-05 8.10646e-05 1.74669e-05
0.000161071 9.36138e-05 5.27710e-05 1.46866e-05
0.000196995 0.000107863 7.89685e-05 1.01637e-05
0.000186699 7.42380e-05 0.000102466 9.99492e-06
0.000289611 0.000106875 0.000166279 1.64573e-05
0.000407343 0.000188945 0.000197890 2.05080e-05
0.000468667 0.000247546 0.000179729 4.13914e-05
0.000443519 0.000180853 0.000211353 5.13129e-05
0.000544348 0.000257579 0.000248087 3.86818e-05
0.000491426 0.000232217 0.000228677 3.05312e-05
0.000427943 0.000234962 0.000163179 2.98024e-05
0.000385113 0.000237169 0.000118718 2.92258e-05
0.000362453 0.000209480 0.000123545 2.94277e-05
0.000345632 0.000188566 0.000127476 2.95897e-05
0.000307400 0.000143278 0.000140691 2.34308e-05
0.000360455 0.000153905 0.000188580 1.79696e-05
0.000316657 0.000147365 0.000150735 1.85571e-05
0.000242430 0.000121075 0.000100129 2.12263e-05
0.000178900 7.85752e-05 7.97024e-05 2.06225e-05
0.000139206 6.72199e-05 5.54965e-05 1.64892e-05
0.000135606 6.75695e-05 5.16911e-05 1.63450e-05
0.000102779 4.40573e-05 4.70415e-05 1.16802e-05
0.000105259 3.22530e-05 6.41340e-05 8.87153e-06
0.000132047 5.89955e-05 6.70787e-05 5.97271e-06
0.000106550 4.56959e-05 5.22528e-05 8.60123e-06
9.78184e-05 4.65513e-05 4.25217e-05 8.74539e-06
7.67493e-05 4.07182e-05 2.98409e-05 6.19022e-06
8.31145e-05 4.41278e-05 2.86667e-05 1.03200e-05
7.72666e-05 3.02375e-05 2.71001e-05 1.99290e-05
6.22843e-05 2.15776e-05 1.94536e-05 2.12531e-05
5.60622e-05 1.42707e-05 1.76819e-05 2.41096e-05
3.58798e-05 9.13327e-06 1.13164e-05 1.54301e-05
2.29631e-05 5.84530e-06 7.24249e-06 9.87529e-06
2.96176e-05 6.18930e-06 1.64788e-05 6.94957e-06
4.23365e-05 1.20182e-05 2.11645e-05 9.15373e-06
4.37400e-05 1.32108e-05 1.89824e-05 1.15468e-05
4.12080e-05 9.18561e-06 1.83612e-05 1.36612e-05
4.37173e-05 1.16208e-05 1.89267e-05 1.31698e-05
7.90987e-05 1.66512e-05 4.96643e-05 1.27831e-05
0.000112159 3.06995e-05 7.06484e-05 1.08110e-05
0.000108438 4.25658e-05 4.85836e-05 1.72889e-05
0.000129458 3.69745e-05 6.26173e-05 2.98663e-05
0.000149887 4.42040e-05 7.30072e-05 3.26758e-05
0.000126503 4.53448e-05 5.10228e-05 3.01354e-05
0.000117876 3.90421e-05 4.08436e-05 3.79907e-05
0.000111611 2.62322e-05 5.92232e-05 2.61554e-05
0.000123685 2.90448e-05 7.53071e-05 1.93328e-05
0.000118801 4.42122e-05 6.08925e-05 1.36962e-05
0.000119167 2.96199e-05 7.25588e-05 1.69878e-05
0.000123221 4.07567e-05 6.67077e-05 1.57565e-05
9.95744e-05 3.71077e-05 5.19908e-05 1.04759e-05
0.000128722 4.35052e-05 7.49748e-05 1.02423e-05
0.000126432 4.07560e-05 7.91208e-05 6.55506e-06
0.000111194 3.13531e-05 7.06854e-05 9.15597e-06
0.000107292 2.78705e-05 6.82842e-05 1.11373e-05
0.000116082 4.88853e-05 4.95790e-05 1.76181e-05
0.000140486 3.19785e-05 6.25432e-05 4.59643e-05
0.000133695 4.54100e-05 4.08096e-05 4.74754e-05
0.000105044 3.31784e-05 3.94265e-05 3.24387e-05
0.000106225 2.72825e-05 2.90762e-05 4.98667e-05
9.69668e-05 4.08746e-05 2.13562e-05 3.47360e-05
0.000117859 2.67929e-05 3.71547e-05 5.39112e-05
0.000105492 3.22504e-05 3.72874e-05 3.59537e-05
8.39853e-05 2.72471e-05 3.37278e-05 2.30104e-05
9.50401e-05 2.79128e-05 2.45377e-05 4.25897e-05
0.000122665 2.34430e-05 3.37303e-05 6.54921e-05
0.000126012 1.95993e-05 5.96160e-05 4.67965e-05
0.000142031 1.38849e-05 7.56613e-05 5.24847e-05
0.000144003 9.63505e-06 7.42897e-05 6.00782e-05
0.000129609 6.47579e-06 6.80342e-05 5.50991e-05
0.000138247 9.12120e-06 7.33863e-05 5.57394e-05
0.000134113 9.56558e-06 4.95300e-05 7.50173e-05
0.000141819 3.35976e-05 3.97743e-05 6.84471e-05
0.000165453 6.93601e-05 2.67118e-05 6.93808e-05
0.000121500 4.77300e-05 2.43459e-05 4.94242e-05
0.000109029 4.08094e-05 1.70719e-05 5.11478e-05
9.92525e-05 4.75362e-05 1.68504e-05 3.48658e-05
0.000120437 6.86266e-05 1.71803e-05 3.46302e-05
0.000133834 7.07514e-05 2.79194e-05 3.51632e-05
9.90364e-05 5.57612e-05 1.83921e-05 2.48831e-05
9.48424e-05 4.84163e-05 2.46846e-05 2.17415e-05
9.38230e-05 3.45056e-05 2.90429e-05 3.02744e-05
0.000125416 5.39441e-05 2.86953e-05 4.27767e-05
0.000136223 4.45622e-05 3.17916e-05 5.98696e-05
0.000108553 3.62057e-05 2.44155e-05 4.79318e-05
9.80488e-05 4.27226e-05 2.25857e-05 3.27405e-05
7.82337e-05 2.99767e-05 1.73968e-05 3.08602e-05
7.87349e-05 2.81205e-05 1.71085e-05 3.35060e-05
8.61771e-05 3.27045e-05 2.84989e-05 2.49737e-05
8.76067e-05 3.37028e-05 3.09383e-05 2.29655e-05
8.12767e-05 3.74643e-05 2.56518e-05 1.81605e-05
8.64799e-05 4.54579e-05 1.90036e-05 2.20184e-05
0.000128074 4.97706e-05 3.83579e-05 3.99455e-05
0.000146199 6.76950e-05 4.70755e-05 3.14286e-05
0.000107403 5.00461e-05 3.01283e-05 2.72290e-05
0.000108850 4.57900e-05 3.58814e-05 2.71782e-05
9.31757e-05 3.20304e-05 4.32378e-05 1.79074e-05
7.97791e-05 2.70853e-05 3.67226e-05 1.59713e-05
7.95561e-05 3.04365e-05 3.76923e-05 1.14273e-05
7.07148e-05 2.98048e-05 2.59693e-05 1.49406e-05
7.60649e-05 2.01650e-05 3.72866e-05 1.86133e-05
6.04742e-05 1.87548e-05 2.76045e-05 1.41148e-05
5.08385e-05 1.42291e-05 2.56460e-05 1.09633e-05
6.21808e-05 1.36489e-05 2.78924e-05 2.06396e-05
8.29785e-05 1.70109e-05 2.97574e-05 3.62102e-05
7.66886e-05 1.30115e-05 3.55571e-05 2.81199e-05
8.21283e-05 1.22564e-05 2.51641e-05 4.47078e-05
8.40435e-05 1.34104e-05 3.28911e-05 3.77421e-05
7.35361e-05 9.69812e-06 3.52958e-05 2.85422e-05
5.91654e-05 1.00366e-05 2.81569e-05 2.09719e-05
7.65405e-05 1.15309e-05 3.34373e-05 3.15722e-05
6.81617e-05 8.41665e-06 3.42924e-05 2.54526e-05
5.68759e-05 5.38665e-06 2.87431e-05 2.27461e-05
6.23843e-05 4.68436e-06 2.71597e-05 3.05402e-05
4.71645e-05 3.67119e-06 2.17267e-05 2.17666e-05
5.22131e-05 4.88211e-06 2.33862e-05 2.39448e-05
7.77355e-05 2.71729e-05 2.66278e-05 2.39348e-05
0.000126486 6.47376e-05 3.27999e-05 2.89480e-05
0.000160141 7.80759e-05 3.89646e-05 4.31005e-05
0.000167488 7.19749e-05 3.72187e-05 5.82949e-05
0.000166642 9.01343e-05 2.88642e-05 4.76435e-05
0.000178501 0.000125996 2.06482e-05 3.18564e-05
0.000136626 9.08877e-05 1.75453e-05 2.81925e-05
0.000124715 7.52147e-05 2.76405e-05 2.18599e-05
8.95764e-05 4.98599e-05 2.38380e-05 1.58784e-05
6.80925e-05 3.69609e-05 1.62323e-05 1.48993e-05
7.13956e-05 2.93472e-05 1.47312e-05 2.73172e-05
0.000123978 3.74289e-05 3.05858e-05 5.59631e-05
0.000175414 4.54267e-05 6.88692e-05 6.11177e-05
0.000180641 3.75791e-05 9.67650e-05 4.62965e-05
0.000158189 5.42423e-05 6.19296e-05 4.20173e-05
0.000150052 4.98555e-05 7.13702e-05 2.88258e-05
0.000120883 3.26064e-05 6.48015e-05 2.34751e-05
0.000135000 2.31770e-05 6.46242e-05 4.71990e-05
0.000174003 1.78129e-05 4.70820e-05 0.000109108
0.000179504 1.90160e-05 5.28931e-05 0.000107595
0.000147508 3.18297e-05 4.05986e-05 7.50798e-05
0.000169496 7.03784e-05 3.26309e-05 6.64870e-05
0.000169518 6.70406e-05 4.43666e-05 5.81105e-05
0.000223559 7.57503e-05 4.88479e-05 9.89613e-05
0.000189498 7.43700e-05 3.85180e-05 7.66095e-05
0.000180359 5.01773e-05 2.77996e-05 0.000102382
0.000244915 3.49630e-05 3.98031e-05 0.000170149
0.000254556 2.72749e-05 3.86343e-05 0.000188646
0.000187439 3.12816e-05 2.72328e-05 0.000128925
0.000178579 3.04730e-05 2.35350e-05 0.000124571
0.000137118 1.95027e-05 2.30738e-05 9.45414e-05
9.53224e-05 1.52261e-05 1.57276e-05 6.43686e-05
0.000114899 3.69010e-05 1.38841e-05 6.41135e-05
0.000141980 6.29753e-05 2.44912e-05 5.45135e-05
0.000109972 4.59576e-05 2.69263e-05 3.70877e-05
0.000162276 5.10642e-05 5.76865e-05 5.35255e-05
0.000236943 6.68720e-05 0.000105227 6.48445e-05
0.000217637 8.21623e-05 7.67359e-05 5.87392e-05
0.000230027 7.09023e-05 6.78629e-05 9.12619e-05
0.000235535 5.40442e-05 6.30957e-05 0.000118395
0.000221127 5.41352e-05 6.72329e-05 9.97590e-05
0.000248729 6.96714e-05 8.13532e-05 9.77045e-05
0.000263993 0.000103718 9.48115e-05 6.54636e-05
0.000230236 0.000101092 7.27212e-05 5.64229e-05
0.000264157 0.000139152 7.61884e-05 4.88163e-05
0.000275823 0.000153512 8.23342e-05 3.99770e-05
0.000320576 0.000117393 0.000132306 7.08774e-05
0.000256004 8.84741e-05 0.000101263 6.62673e-05
0.000408218 0.000112378 0.000134961 0.000160879
0.000475332 0.000111775 0.000128216 0.000235341
0.000448531 9.99175e-05 0.000154779 0.000193835
0.000539133 0.000154409 0.000221197 0.000163527
0.000570580 0.000279161 0.000185508 0.000105911
0.000519262 0.000266324 0.000157667 9.52699e-05
0.000536391 0.000242670 0.000207696 8.60254e-05
0.000502252 0.000217225 0.000220530 6.44973e-05
0.000428600 0.000140478 0.000180033 0.000108088
0.000376898 0.000110833 0.000116545 0.000149520
0.000379579 0.000132208 0.000112454 0.000134917
0.000404945 0.000141739 0.000109234 0.000153973
0.000361239 0.000114345 9.08148e-05 0.000156080
0.000300057 8.98204e-05 6.88938e-05 0.000141343
0.000273563 6.82046e-05 6.38904e-05 0.000141468
0.000274114 5.30510e-05 7.94941e-05 0.000141569
0.000268577 5.24443e-05 9.67998e-05 0.000119333
0.000199973 3.79775e-05 6.99388e-05 9.20570e-05
0.000194714 3.49801e-05 7.39051e-05 8.58290e-05
0.000155596 2.79334e-05 5.52188e-05 7.24435e-05
0.000118176 2.84678e-05 3.90904e-05 5.06178e-05
8.74553e-05 1.92849e-05 3.36547e-05 3.45157e-05
7.54698e-05 1.55536e-05 2.69828e-05 3.29334e-05
6.35065e-05 1.37547e-05 2.39471e-05 2.58047e-05
7.37585e-05 1.07228e-05 3.10843e-05 3.19514e-05
7.74137e-05 1.25490e-05 3.97558e-05 2.51088e-05
6.18464e-05 8.38380e-06 2.79859e-05 2.54768e-05
5.86230e-05 1.34675e-05 2.06083e-05 2.45472e-05
6.64854e-05 1.53677e-05 1.75159e-05 3.36018e-05
9.71241e-05 2.36068e-05 1.98482e-05 5.36690e-05
0.000108717 4.67842e-05 2.54023e-05 3.65304e-05
9.61560e-05 4.24812e-05 2.33437e-05 3.03311e-05
8.09506e-05 3.11735e-05 1.74116e-05 3.23655e-05
7.26153e-05 2.70909e-05 1.56275e-05 2.98969e-05
7.49212e-05 2.16791e-05 1.98381e-05 3.34040e-05
6.22759e-05 1.67607e-05 2.35678e-05 2.19473e-05
5.70992e-05 1.28364e-05 2.19325e-05 2.23303e-05
5.10055e-05 1.88592e-05 1.64354e-05 1.57110e-05
6.71897e-05 3.44974e-05 1.17494e-05 2.09429e-05
5.52168e-05 2.32498e-05 9.30051e-06 2.26665e-05
6.94598e-05 2.84507e-05 1.63110e-05 2.46980e-05
6.64791e-05 3.44177e-05 1.52681e-05 1.67934e-05
5.99076e-05 2.81804e-05 1.30895e-05 1.86377e-05
5.48751e-05 2.13068e-05 1.55223e-05 1.80460e-05
6.29971e-05 2.13033e-05 1.92005e-05 2.24934e-05
6.61822e-05 2.36324e-05 2.42058e-05 1.83441e-05
6.80841e-05 1.56071e-05 2.73259e-05 2.51511e-05
5.79600e-05 1.47240e-05 2.24242e-05 2.08118e-05
4.29822e-05 1.09947e-05 1.43515e-05 1.76360e-05
3.83045e-05 1.10848e-05 1.24091e-05 1.48106e-05
3.79036e-05 1.19942e-05 1.44561e-05 1.14533e-05
4.93784e-05 1.02480e-05 2.50965e-05 1.40338e-05
6.02019e-05 2.97291e-05 1.65585e-05 1.39143e-05
9.83179e-05 4.24473e-05 3.26648e-05 2.32059e-05
0.000116810 6.46745e-05 2.81985e-05 2.39371e-05
0.000116068 6.65236e-05 2.73754e-05 2.21689e-05
0.000107378 7.10998e-05 2.01889e-05 1.60891e-05
0.000101871 6.76035e-05 1.82419e-05 1.60259e-05
8.88929e-05 6.00096e-05 1.48019e-05 1.40814e-05
6.97178e-05 4.55754e-05 1.06430e-05 1.34994e-05
6.02487e-05 3.18868e-05 1.20469e-05 1.63150e-05
5.02149e-05 2.26914e-05 1.36838e-05 1.38397e-05
4.77150e-05 2.06941e-05 1.23399e-05 1.46810e-05
4.08438e-05 1.41549e-05 9.34062e-06 1.73483e-05
3.51248e-05 1.22640e-05 1.17579e-05 1.11029e-05
3.69688e-05 1.20987e-05 1.53009e-05 9.56916e-06
3.23464e-05 1.03253e-05 1.49560e-05 7.06515e-06
3.17017e-05 9.38079e-06 1.51580e-05 7.16289e-06
3.34207e-05 1.44680e-05 1.17111e-05 7.24156e-06
4.01017e-05 2.09851e-05 1.04309e-05 8.68571e-06
2.82091e-05 1.34304e-05 6.67579e-06 8.10284e-06
2.85081e-05 1.25812e-05 8.93697e-06 6.98998e-06
2.54258e-05 1.06814e-05 7.96402e-06 6.78035e-06
2.11615e-05 8.18353e-06 7.56052e-06 5.41746e-06
2.12434e-05 1.03128e-05 5.11307e-06 5.81757e-06
2.04736e-05 1.17673e-05 4.74353e-06 3.96279e-06
1.93263e-05 1.12861e-05 4.20191e-06 3.83831e-06
2.18586e-05 1.17362e-05 4.54490e-06 5.57750e-06
2.31012e-05 8.55681e-06 5.97060e-06 8.57375e-06
2.36122e-05 6.06736e-06 6.92357e-06 1.06213e-05
2.47348e-05 5.76571e-06 7.39840e-06 1.15706e-05
1.58302e-05 3.69005e-06 4.73498e-06 7.40521e-06
1.01314e-05 2.36163e-06 3.03039e-06 4.73934e-06
1.08647e-05 3.40256e-06 2.48734e-06 4.97481e-06
1.19224e-05 2.75638e-06 3.99874e-06 5.16730e-06
1.59435e-05 4.01966e-06 3.40680e-06 8.51704e-06
2.05030e-05 5.48571e-06 3.63701e-06 1.13803e-05
2.67018e-05 5.03035e-06 6.29839e-06 1.53730e-05
2.98794e-05 7.38250e-06 6.55983e-06 1.59370e-05
2.66386e-05 8.84123e-06 5.55290e-06 1.22445e-05
2.77810e-05 8.24202e-06 4.80773e-06 1.47312e-05
3.15716e-05 5.27489e-06 8.90482e-06 1.73919e-05
2.76322e-05 6.95446e-06 8.29018e-06 1.23876e-05
2.48810e-05 5.84339e-06 1.04064e-05 8.63118e-06
1.87053e-05 3.73977e-06 9.44155e-06 5.52395e-06
1.95930e-05 6.10029e-06 6.66240e-06 6.83031e-06
1.85270e-05 5.49911e-06 7.85631e-06 5.17153e-06
2.30187e-05 5.90343e-06 9.63049e-06 7.48477e-06
2.05618e-05 7.86819e-06 6.47265e-06 6.22094e-06
2.21053e-05 6.51081e-06 9.11605e-06 6.47843e-06
3.14972e-05 8.07164e-06 1.24072e-05 1.10184e-05
3.39300e-05 1.27076e-05 1.05521e-05 1.06703e-05
3.48263e-05 1.07744e-05 7.40774e-06 1.66441e-05
4.07193e-05 1.83782e-05 5.87276e-06 1.64683e-05
3.18085e-05 1.63604e-05 4.50795e-06 1.09402e-05
2.76873e-05 1.53081e-05 4.02426e-06 8.35494e-06
3.55514e-05 1.84808e-05 4.14260e-06 1.29281e-05
2.74800e-05 1.49751e-05 3.51290e-06 8.99194e-06
3.51893e-05 1.37716e-05 9.60001e-06 1.18177e-05
4.65179e-05 1.15562e-05 1.86941e-05 1.62677e-05
4.79740e-05 1.19563e-05 1.28302e-05 2.31875e-05
3.98391e-05 8.70708e-06 1.43492e-05 1.67828e-05
3.39470e-05 1.20268e-05 9.94404e-06 1.19762e-05
3.84684e-05 1.41277e-05 9.84529e-06 1.44954e-05
3.30654e-05 1.40264e-05 9.38595e-06 9.65301e-06
2.79680e-05 9.34928e-06 6.62503e-06 1.19937e-05
4.42930e-05 1.05358e-05 7.82383e-06 2.59334e-05
4.64263e-05 9.92497e-06 6.47791e-06 3.00234e-05
4.46230e-05 1.10229e-05 8.04072e-06 2.55594e-05
4.90130e-05 1.37040e-05 1.79475e-05 1.73615e-05
6.00373e-05 1.86188e-05 2.48812e-05 1.65373e-05
6.26326e-05 2.36870e-05 2.35367e-05 1.54089e-05
4.55580e-05 1.56426e-05 1.96662e-05 1.02492e-05
4.19055e-05 1.57118e-05 1.53406e-05 1.08530e-05
5.30011e-05 2.21751e-05 1.49873e-05 1.58387e-05
5.50164e-05 2.55952e-05 1.15911e-05 1.78302e-05
4.97475e-05 2.17393e-05 9.56447e-06 1.84437e-05
5.40276e-05 1.43758e-05 9.92629e-06 2.97254e-05
8.17518e-05 1.81786e-05 7.65344e-06 5.59198e-05
7.33380e-05 2.04147e-05 9.45047e-06 4.34729e-05
0.000104292 1.49049e-05 8.35100e-06 8.10363e-05
9.61929e-05 1.07133e-05 8.21015e-06 7.72694e-05
9.90140e-05 1.67688e-05 1.61141e-05 6.61311e-05
0.000114533 3.29106e-05 1.70888e-05 6.45333e-05
9.15307e-05 3.38702e-05 1.39695e-05 4.36911e-05
7.19485e-05 2.34296e-05 1.29964e-05 3.55225e-05
8.70786e-05 3.78047e-05 1.90096e-05 3.02643e-05
0.000122199 8.06253e-05 2.11137e-05 2.04598e-05
0.000104487 7.60617e-05 1.44321e-05 1.39936e-05
0.000150843 6.83761e-05 4.36403e-05 3.88269e-05
0.000235931 8.92101e-05 0.000106662 4.00584e-05
0.000224784 8.27023e-05 8.66328e-05 5.54484e-05
0.000385287 8.54497e-05 0.000207230 9.26078e-05
0.000513903 0.000124274 0.000316456 7.31723e-05
0.000581378 0.000168444 0.000330050 8.28844e-05
0.000527462 0.000155615 0.000303604 6.82428e-05
0.000405195 0.000112251 0.000222707 7.02367e-05
0.000492725 0.000129216 0.000265856 9.76531e-05
0.000583249 0.000198161 0.000277971 0.000107116
0.000464557 0.000156049 0.000239953 6.85544e-05
0.000384920 0.000140166 0.000190628 5.41262e-05
0.000458529 0.000168428 0.000247097 4.30044e-05
0.000387279 0.000143566 0.000202661 4.10520e-05
0.000338911 0.000102803 0.000203895 3.22133e-05
0.000278768 7.94081e-05 0.000169580 2.97798e-05
0.000256373 9.79564e-05 0.000117686 4.07310e-05
0.000236616 0.000112885 9.57585e-05 2.79733e-05
0.000186982 0.000100757 6.61945e-05 2.00310e-05
0.000141075 6.54761e-05 4.56272e-05 2.99721e-05
0.000134596 5.37972e-05 4.73315e-05 3.34676e-05
0.000136014 4.86519e-05 5.86186e-05 2.87439e-05
0.000105955 3.61285e-05 4.46025e-05 2.52236e-05
0.000110096 4.76133e-05 4.48334e-05 1.76497e-05
0.000103140 4.98179e-05 3.94272e-05 1.38946e-05
7.57499e-05 3.40019e-05 3.24873e-05 9.26072e-06
5.90600e-05 2.59645e-05 2.49032e-05 8.19240e-06
5.74518e-05 3.08348e-05 1.95605e-05 7.05652e-06
5.90768e-05 3.57642e-05 1.47893e-05 8.52332e-06
4.66157e-05 2.78405e-05 1.27345e-05 6.04070e-06
7.55999e-05 4.79972e-05 1.92923e-05 8.31041e-06
0.000113864 7.96733e-05 1.75588e-05 1.66319e-05
9.54187e-05 5.09909e-05 1.52549e-05 2.91729e-05
0.000107209 6.18714e-05 1.79062e-05 2.74314e-05
0.000132504 8.32215e-05 2.13004e-05 2.79827e-05
0.000133164 6.96207e-05 1.64931e-05 4.70505e-05
0.000126586 5.77284e-05 1.79176e-05 5.09405e-05
0.000121307 7.29170e-05 1.14673e-05 3.69230e-05
0.000128358 8.40718e-05 8.02057e-06 3.62658e-05
0.000131549 5.74766e-05 1.39996e-05 6.00725e-05
0.000125044 5.50343e-05 1.58187e-05 5.41914e-05
0.000106604 4.78744e-05 2.40469e-05 3.46825e-05
8.69945e-05 4.33115e-05 1.78972e-05 2.57857e-05
7.10472e-05 2.96967e-05 1.14542e-05 2.98963e-05
6.41486e-05 2.92185e-05 1.18716e-05 2.30585e-05
7.40191e-05 2.68906e-05 1.13663e-05 3.57623e-05
8.25511e-05 3.23361e-05 2.17628e-05 2.84521e-05
7.17262e-05 3.26963e-05 1.58248e-05 2.32051e-05
5.49573e-05 2.32375e-05 1.44204e-05 1.72994e-05
7.39643e-05 3.04423e-05 1.16071e-05 3.19149e-05
9.18910e-05 3.91821e-05 1.15737e-05 4.11351e-05
7.73251e-05 3.59038e-05 7.74570e-06 3.36756e-05
6.42824e-05 2.99242e-05 6.11321e-06 2.82449e-05
6.25610e-05 2.43042e-05 1.27946e-05 2.54623e-05
6.42943e-05 2.87178e-05 1.72476e-05 1.83289e-05
9.41447e-05 5.69675e-05 2.18592e-05 1.53179e-05
0.000120203 8.19500e-05 2.47037e-05 1.35496e-05
0.000117357 6.56648e-05 3.53332e-05 1.63591e-05
0.000164836 9.97869e-05 5.11767e-05 1.38722e-05
0.000132053 7.72857e-05 3.71128e-05 1.76543e-05
0.000146378 6.72705e-05 6.02804e-05 1.88270e-05
0.000114082 5.32860e-05 4.74407e-05 1.33555e-05
0.000121694 5.90650e-05 4.88061e-05 1.38232e-05
0.000125074 6.89150e-05 3.69772e-05 1.91822e-05
0.000204043 0.000122559 5.36505e-05 2.78340e-05
0.000155490 9.44352e-05 4.27220e-05 1.83333e-05
0.000176702 9.25410e-05 6.19904e-05 2.21705e-05
0.000184629 0.000105672 6.23732e-05 1.65841e-05
0.000166289 8.14238e-05 7.38495e-05 1.10157e-05
0.000154050 7.24324e-05 7.28518e-05 8.76582e-06
0.000163573 5.60297e-05 9.09008e-05 1.66420e-05
0.000176512 5.57221e-05 0.000108052 1.27384e-05
0.000175762 6.20769e-05 8.99522e-05 2.37333e-05
0.000139582 4.87181e-05 6.52774e-05 2.55865e-05
0.000180848 6.57102e-05 8.86514e-05 2.64865e-05
0.000213697 7.25069e-05 0.000116463 2.47273e-05
0.000155934 5.98283e-05 7.56021e-05 2.05033e-05
0.000177425 6.35524e-05 9.93887e-05 1.44837e-05
0.000151134 4.30615e-05 9.76533e-05 1.04194e-05
0.000149192 4.77583e-05 7.36517e-05 2.77821e-05
0.000139018 3.19409e-05 5.59598e-05 5.11176e-05
0.000151993 5.67879e-05 5.11649e-05 4.40402e-05
0.000250736 0.000108088 3.48910e-05 0.000107757
0.000365876 9.95658e-05 4.23662e-05 0.000223943
0.000305450 0.000119587 2.90699e-05 0.000156794
0.000385797 0.000198829 5.36814e-05 0.000133286
0.000437736 0.000237234 9.24060e-05 0.000108096
0.000334382 0.000177056 8.40193e-05 7.33072e-05
0.000379212 0.000176633 0.000135439 6.71391e-05
0.000342651 0.000118338 0.000127198 9.71143e-05
0.000367743 0.000111266 8.70502e-05 0.000169427
0.000280616 7.75763e-05 8.55163e-05 0.000117524
0.000419792 0.000103708 8.65729e-05 0.000229511
0.000414569 0.000106093 6.69379e-05 0.000241538
0.000374484 0.000102967 9.49294e-05 0.000176588
0.000481958 0.000176504 0.000118145 0.000187309
0.000530575 0.000208589 0.000113710 0.000208276
0.000578595 0.000181204 0.000210139 0.000187252
0.000573392 0.000193390 0.000224381 0.000155621
0.000458685 0.000139285 0.000203317 0.000116083
0.000379861 9.14810e-05 0.000197447 9.09333e-05
0.000383174 8.22034e-05 0.000194524 0.000106446
0.000398987 7.30205e-05 0.000200823 0.000125144
0.000276431 6.30996e-05 0.000129925 8.34067e-05
0.000225931 4.94426e-05 0.000105827 7.06615e-05
0.000201428 3.37538e-05 0.000112959 5.47152e-05
0.000177639 3.38342e-05 9.95714e-05 4.42334e-05
0.000184750 6.75936e-05 6.77136e-05 4.94427e-05
0.000176152 7.62204e-05 5.63330e-05 4.35982e-05
0.000125824 5.40734e-05 3.98402e-05 3.19104e-05
0.000149583 6.85923e-05 5.27580e-05 2.82331e-05
0.000187142 9.89571e-05 5.95556e-05 2.86294e-05
0.000189634 0.000115059 4.69262e-05 2.76484e-05
0.000190838 0.000112602 5.73225e-05 2.09138e-05
0.000142792 7.73822e-05 4.87122e-05 1.66974e-05
0.000162891 7.04058e-05 5.98453e-05 3.26399e-05
0.000235090 9.46170e-05 6.95760e-05 7.08967e-05
0.000223043 8.12181e-05 7.04750e-05 7.13502e-05
0.000179257 5.55884e-05 5.19545e-05 7.17141e-05
0.000151536 4.41073e-05 4.15102e-05 6.59183e-05
0.000160853 7.45657e-05 3.92030e-05 4.70846e-05
0.000196519 0.000111045 4.28561e-05 4.26176e-05
0.000170018 7.52785e-05 6.21196e-05 3.26201e-05
0.000155726 6.37907e-05 7.04966e-05 2.14390e-05
0.000127160 4.24135e-05 6.91548e-05 1.55914e-05
0.000101443 3.18173e-05 4.59107e-05 2.37146e-05
8.18884e-05 2.50470e-05 2.93828e-05 2.74585e-05
8.83589e-05 3.13968e-05 2.83071e-05 2.86550e-05
0.000111496 4.16188e-05 2.94288e-05 4.04489e-05
8.06881e-05 2.99056e-05 2.10302e-05 2.97524e-05
6.71780e-05 2.74173e-05 1.68033e-05 2.29573e-05
4.88639e-05 1.75471e-05 1.46907e-05 1.66262e-05
4.41797e-05 1.82665e-05 1.13822e-05 1.45309e-05
4.05614e-05 1.43510e-05 7.96368e-06 1.82468e-05
5.17328e-05 1.61197e-05 1.68309e-05 1.87822e-05
4.33851e-05 1.28242e-05 1.76780e-05 1.28830e-05
4.79312e-05 1.12696e-05 1.83705e-05 1.82911e-05
4.69390e-05 9.33140e-06 2.59013e-05 1.17063e-05
4.74241e-05 1.09235e-05 2.08252e-05 1.56754e-05
6.31257e-05 2.18484e-05 1.98047e-05 2.14726e-05
5.55367e-05 1.68797e-05 1.49591e-05 2.36979e-05
5.25133e-05 1.82425e-05 1.66312e-05 1.76396e-05
4.34882e-05 1.62578e-05 1.14617e-05 1.57688e-05
5.02199e-05 1.52287e-05 2.01769e-05 1.48143e-05
4.21163e-05 1.26207e-05 1.71975e-05 1.22981e-05
3.70444e-05 9.53652e-06 1.49852e-05 1.25227e-05
4.37290e-05 1.19357e-05 1.33250e-05 1.84682e-05
3.35866e-05 8.69315e-06 1.04186e-05 1.44749e-05
4.11112e-05 1.87261e-05 7.65471e-06 1.47304e-05
3.91180e-05 1.92255e-05 7.65543e-06 1.22370e-05
3.79807e-05 1.75098e-05 6.66917e-06 1.38017e-05
5.02164e-05 1.33603e-05 7.52110e-06 2.93350e-05
4.89359e-05 1.57607e-05 9.33268e-06 2.38425e-05
3.87518e-05 1.08835e-05 1.26091e-05 1.52592e-05
3.90848e-05 9.80548e-06 1.19421e-05 1.73372e-05
2.73581e-05 6.58748e-06 7.98674e-06 1.27839e-05
2.68513e-05 5.57381e-06 7.92059e-06 1.33569e-05
2.20791e-05 4.55733e-06 7.86787e-06 9.65391e-06
2.03354e-05 5.39653e-06 7.48553e-06 7.45329e-06
2.53217e-05 9.54092e-06 6.54220e-06 9.23858e-06
3.36817e-05 9.90859e-06 8.09798e-06 1.56752e-05
2.61426e-05 6.97632e-06 6.67735e-06 1.24889e-05
2.55499e-05 5.85934e-06 7.86929e-06 1.18213e-05
2.32969e-05 7.48704e-06 5.31615e-06 1.04937e-05
2.55332e-05 8.21234e-06 6.66942e-06 1.06514e-05
2.59546e-05 8.10118e-06 7.86240e-06 9.99098e-06
1.81471e-05 5.76021e-06 5.03194e-06 7.35490e-06
2.14874e-05 4.69205e-06 6.10605e-06 1.06893e-05
2.37957e-05 6.72968e-06 4.15479e-06 1.29112e-05
3.32789e-05 1.01295e-05 7.83518e-06 1.53142e-05
2.90243e-05 1.20337e-05 6.80327e-06 1.01874e-05
3.05542e-05 1.14946e-05 9.42877e-06 9.63076e-06
3.49911e-05 9.87809e-06 1.18369e-05 1.32761e-05
3.35612e-05 7.62007e-06 1.21826e-05 1.37586e-05
2.76907e-05 6.02425e-06 8.86121e-06 1.28052e-05
3.01107e-05 6.64991e-06 6.27210e-06 1.71887e-05
2.73933e-05 4.25594e-06 1.04556e-05 1.26818e-05
3.64510e-05 4.07843e-06 1.90992e-05 1.32734e-05
2.96622e-05 3.69875e-06 1.30987e-05 1.28648e-05
3.48732e-05 7.33028e-06 8.74303e-06 1.87999e-05
4.88609e-05 1.46460e-05 1.16346e-05 2.25803e-05
4.33542e-05 1.53891e-05 1.15957e-05 1.63694e-05
3.92888e-05 1.59967e-05 1.24164e-05 1.08757e-05
5.50492e-05 2.48377e-05 2.11822e-05 9.02935e-06
6.54805e-05 3.47406e-05 1.84635e-05 1.22764e-05
5.02064e-05 2.46152e-05 1.59282e-05 9.66298e-06
6.75303e-05 4.05562e-05 1.49715e-05 1.20026e-05
8.78451e-05 4.64751e-05 2.95109e-05 1.18592e-05
7.21019e-05 3.17911e-05 2.40041e-05 1.63066e-05
5.10511e-05 2.20454e-05 1.73515e-05 1.16542e-05
5.05984e-05 1.80486e-05 2.13802e-05 1.11696e-05
3.85627e-05 1.41963e-05 1.65494e-05 7.81696e-06
2.92650e-05 1.14471e-05 1.22534e-05 5.56447e-06
3.94804e-05 1.22952e-05 1.67433e-05 1.04420e-05
4.07506e-05 1.48302e-05 1.60918e-05 9.82855e-06
4.18627e-05 1.96625e-05 1.46242e-05 7.57600e-06
3.88723e-05 1.78431e-05 1.01272e-05 1.09020e-05
3.44256e-05 1.18391e-05 1.16066e-05 1.09799e-05
2.51319e-05 7.91955e-06 8.82969e-06 8.38270e-06
3.34850e-05 7.19293e-06 1.94185e-05 6.87356e-06
2.34294e-05 5.72006e-06 1.33103e-05 4.39908e-06
3.64445e-05 1.23401e-05 2.04090e-05 3.69537e-06
3.23482e-05 1.05035e-05 1.94797e-05 2.36503e-06
2.89465e-05 1.10954e-05 1.61834e-05 1.66771e-06
3.13727e-05 1.11656e-05 1.66404e-05 3.56668e-06
3.73208e-05 1.38313e-05 2.01903e-05 3.29920e-06
4.00266e-05 1.24532e-05 2.50918e-05 2.48158e-06
3.08350e-05 8.67992e-06 2.02439e-05 1.91116e-06
2.43987e-05 6.15028e-06 1.67400e-05 1.50839e-06
1.79706e-05 4.18410e-06 1.28211e-05 9.65368e-07
1.94165e-05 3.54374e-06 1.48109e-05 1.06180e-06
2.42174e-05 3.99257e-06 1.55219e-05 4.70293e-06
3.32692e-05 4.37090e-06 1.65999e-05 1.22983e-05
2.57456e-05 3.44883e-06 1.06240e-05 1.16728e-05
2.65008e-05 3.67224e-06 1.03848e-05 1.24438e-05
2.72803e-05 2.95015e-06 7.97517e-06 1.63550e-05
1.78127e-05 2.24136e-06 5.10411e-06 1.04672e-05
1.68730e-05 4.23934e-06 5.28712e-06 7.34655e-06
2.06224e-05 5.98748e-06 4.34932e-06 1.02856e-05
1.84920e-05 7.60274e-06 2.99255e-06 7.89671e-06
2.11263e-05 7.27921e-06 5.31944e-06 8.52770e-06
3.46343e-05 1.41220e-05 6.05208e-06 1.44602e-05
3.14400e-05 1.01819e-05 8.35528e-06 1.29029e-05
3.39168e-05 1.04293e-05 1.29882e-05 1.04993e-05
2.91981e-05 1.10344e-05 8.67090e-06 9.49281e-06
3.39019e-05 1.37143e-05 1.03471e-05 9.84058e-06
3.26061e-05 1.28008e-05 1.22209e-05 7.58445e-06
2.75700e-05 9.28312e-06 8.16911e-06 1.01178e-05
3.74444e-05 9.31877e-06 1.65648e-05 1.15608e-05
5.63446e-05 7.90321e-06 3.33787e-05 1.50626e-05
6.11635e-05 1.21063e-05 3.56998e-05 1.33574e-05
7.11106e-05 1.11370e-05 4.22748e-05 1.76988e-05
5.71836e-05 7.12768e-06 2.90093e-05 2.10466e-05
4.11957e-05 4.56172e-06 2.13103e-05 1.53236e-05
3.19371e-05 3.82098e-06 1.45622e-05 1.35539e-05
2.38673e-05 3.97775e-06 1.04803e-05 9.40930e-06
2.88677e-05 7.98589e-06 1.14876e-05 9.39423e-06
2.94697e-05 6.59635e-06 1.45805e-05 8.29281e-06
2.57546e-05 5.01410e-06 1.48551e-05 5.88540e-06
2.92737e-05 3.43319e-06 2.02307e-05 5.60984e-06
2.90904e-05 2.38339e-06 1.88033e-05 7.90374e-06
2.40600e-05 1.84443e-06 1.56896e-05 6.52600e-06
1.97277e-05 1.18043e-06 1.08360e-05 7.71131e-06
2.09723e-05 3.21120e-06 9.38772e-06 8.37337e-06
2.13089e-05 2.23536e-06 9.78209e-06 9.29142e-06
2.56031e-05 5.30583e-06 1.17277e-05 8.56950e-06
4.01962e-05 4.36321e-06 1.57580e-05 2.00750e-05
3.18065e-05 5.51202e-06 1.30047e-05 1.32898e-05
4.46806e-05 1.04436e-05 2.17942e-05 1.24429e-05
5.23282e-05 1.75129e-05 2.46482e-05 1.01670e-05
4.05619e-05 1.24781e-05 1.99249e-05 8.15889e-06
5.37981e-05 2.47917e-05 2.13116e-05 7.69468e-06
7.08886e-05 3.18585e-05 3.06706e-05 8.35950e-06
9.32449e-05 4.20436e-05 4.49696e-05 6.23169e-06
0.000110937 5.57042e-05 4.93536e-05 5.87961e-06
0.000102197 4.17703e-05 4.52543e-05 1.51721e-05
0.000106069 5.54524e-05 4.05218e-05 1.00947e-05
0.000124993 6.18493e-05 5.16025e-05 1.15411e-05
0.000109179 4.19400e-05 5.95170e-05 7.72217e-06
0.000106489 3.01234e-05 6.72602e-05 9.10498e-06
9.84863e-05 3.58837e-05 5.41764e-05 8.42616e-06
0.000115472 5.53177e-05 5.15501e-05 8.60402e-06
8.96905e-05 3.83924e-05 3.81228e-05 1.31753e-05
0.000102612 5.14325e-05 3.88249e-05 1.23542e-05
0.000117197 7.02692e-05 3.56258e-05 1.13018e-05
0.000116578 6.59522e-05 2.90518e-05 2.15738e-05
0.000109478 6.25973e-05 2.42750e-05 2.26059e-05
9.44730e-05 5.90272e-05 1.80546e-05 1.73912e-05
7.32352e-05 3.85374e-05 1.66118e-05 1.80860e-05
5.73827e-05 2.52788e-05 1.64844e-05 1.56194e-05
4.03703e-05 1.82186e-05 1.05500e-05 1.16017e-05
2.58370e-05 1.16599e-05 6.75201e-06 7.42509e-06
1.89511e-05 8.50476e-06 5.69429e-06 4.75206e-06
1.76345e-05 6.03229e-06 5.76477e-06 5.83742e-06
1.82921e-05 4.10624e-06 7.39988e-06 6.78601e-06
2.31445e-05 2.62799e-06 9.98677e-06 1.05298e-05
2.81314e-05 1.68191e-06 1.23350e-05 1.41146e-05
4.00960e-05 1.09809e-05 1.73277e-05 1.17873e-05
4.03621e-05 1.45915e-05 1.32322e-05 1.25384e-05
3.97348e-05 1.48661e-05 1.61368e-05 8.73187e-06
2.86140e-05 9.89758e-06 1.28354e-05 5.88102e-06
3.12510e-05 1.49790e-05 1.00719e-05 6.20008e-06
3.65221e-05 1.97994e-05 9.94698e-06 6.77577e-06
3.14141e-05 1.54358e-05 8.72367e-06 7.25471e-06
4.47981e-05 1.96691e-05 1.56960e-05 9.43298e-06
5.96582e-05 3.32087e-05 1.88177e-05 7.63179e-06
6.43198e-05 3.77998e-05 1.47406e-05 1.17795e-05
6.92397e-05 3.41211e-05 1.35900e-05 2.15287e-05
8.62233e-05 2.92821e-05 1.35951e-05 4.33461e-05
6.52597e-05 2.03724e-05 1.31493e-05 3.17379e-05
6.26559e-05 2.00000e-05 1.32419e-05 2.94139e-05
7.44195e-05 1.50956e-05 1.33162e-05 4.60078e-05
7.11973e-05 2.39347e-05 1.08128e-05 3.64497e-05
0.000101802 2.83962e-05 1.21913e-05 6.12142e-05
8.81928e-05 1.92377e-05 1.56955e-05 5.32596e-05
7.87312e-05 1.27477e-05 1.52677e-05 5.07158e-05
7.73590e-05 1.77221e-05 1.58952e-05 4.37417e-05
8.10462e-05 1.68596e-05 2.17666e-05 4.24201e-05
7.22971e-05 1.29056e-05 2.10988e-05 3.82927e-05
7.69985e-05 1.44153e-05 1.48932e-05 4.76900e-05
7.68602e-05 2.75847e-05 1.23751e-05 3.69003e-05
8.41220e-05 3.29440e-05 2.05774e-05 3.06007e-05
9.14995e-05 2.84087e-05 2.54363e-05 3.76545e-05
7.50507e-05 2.50222e-05 2.21958e-05 2.78328e-05
8.47647e-05 2.48611e-05 1.86838e-05 4.12198e-05
0.000108049 2.53483e-05 1.56023e-05 6.70987e-05
9.22351e-05 1.98774e-05 1.37899e-05 5.85678e-05
9.32512e-05 1.36144e-05 1.92303e-05 6.04065e-05
8.88257e-05 9.83678e-06 1.31855e-05 6.58035e-05
6.32084e-05 7.93378e-06 9.92840e-06 4.53462e-05
5.19337e-05 1.00880e-05 7.31841e-06 3.45273e-05
6.67733e-05 2.38015e-05 1.97104e-05 2.32613e-05
7.85349e-05 1.77287e-05 3.91581e-05 2.16480e-05
7.35346e-05 2.40731e-05 3.51481e-05 1.43134e-05
5.69870e-05 2.11772e-05 2.55061e-05 1.03038e-05
7.00281e-05 2.00816e-05 3.11112e-05 1.88352e-05
8.61759e-05 2.37845e-05 3.97801e-05 2.26113e-05
8.27491e-05 2.09605e-05 3.20436e-05 2.97450e-05
8.95836e-05 2.51607e-05 3.90691e-05 2.53538e-05
7.58188e-05 2.49715e-05 3.15328e-05 1.93145e-05
8.43344e-05 2.36098e-05 3.71037e-05 2.36209e-05
6.98074e-05 1.91788e-05 2.81273e-05 2.25013e-05
6.02396e-05 2.41911e-05 2.07052e-05 1.53433e-05
5.20234e-05 1.85233e-05 1.75872e-05 1.59128e-05
5.42766e-05 1.69729e-05 1.38678e-05 2.34358e-05
4.62735e-05 1.34320e-05 1.38173e-05 1.90242e-05
5.89993e-05 1.30227e-05 1.56634e-05 3.03133e-05
8.01935e-05 3.62943e-05 2.44987e-05 1.94005e-05
0.000109341 6.13724e-05 1.92736e-05 2.86951e-05
0.000102607 5.43846e-05 1.65293e-05 3.16935e-05
0.000108928 5.99892e-05 1.40212e-05 3.49179e-05
9.44136e-05 5.24474e-05 1.01130e-05 3.18531e-05
8.96201e-05 5.10809e-05 1.28848e-05 2.56544e-05
8.00951e-05 5.00006e-05 1.21565e-05 1.79380e-05
0.000101358 6.29346e-05 9.21306e-06 2.92104e-05
0.000106517 5.01935e-05 7.15150e-06 4.91721e-05
0.000108616 4.59027e-05 1.17707e-05 5.09426e-05
0.000111238 6.11429e-05 1.67907e-05 3.33048e-05
9.42919e-05 5.51216e-05 1.61290e-05 2.30413e-05
8.34084e-05 3.67547e-05 2.68410e-05 1.98127e-05
7.40051e-05 2.78858e-05 2.26543e-05 2.34651e-05
5.03343e-05 1.89016e-05 1.59378e-05 1.54950e-05
5.94149e-05 2.64106e-05 1.74536e-05 1.55507e-05
7.36443e-05 3.05396e-05 1.24377e-05 3.06670e-05
7.58829e-05 2.35386e-05 1.89995e-05 3.33448e-05
7.45532e-05 3.07177e-05 1.58329e-05 2.80025e-05
8.04321e-05 2.61182e-05 1.13418e-05 4.29721e-05
9.57400e-05 1.72224e-05 7.59389e-06 7.09237e-05
7.67570e-05 1.36095e-05 1.35462e-05 4.96012e-05
0.000101487 1.27199e-05 1.64137e-05 7.23538e-05
9.61019e-05 1.87461e-05 1.58331e-05 6.15227e-05
0.000115199 3.88396e-05 2.28696e-05 5.34898e-05
0.000111429 3.20630e-05 3.35673e-05 4.57989e-05
0.000106417 3.38939e-05 3.08853e-05 4.16379e-05
0.000105005 4.07049e-05 2.88201e-05 3.54804e-05
9.25641e-05 4.09083e-05 2.00637e-05 3.15921e-05
9.76757e-05 3.35645e-05 3.80238e-05 2.60874e-05
0.000136473 6.62830e-05 5.19626e-05 1.82275e-05
0.000221604 0.000119740 6.07816e-05 4.10825e-05
0.000258217 0.000112353 5.03813e-05 9.54822e-05
0.000259159 0.000101591 5.47651e-05 0.000102802
0.000285452 0.000117328 7.87159e-05 8.94079e-05
0.000288443 0.000125166 9.13497e-05 7.19275e-05
0.000236278 9.03240e-05 9.48113e-05 5.11429e-05
0.000185917 6.16098e-05 8.02484e-05 4.40590e-05
0.000146589 4.92465e-05 5.22442e-05 4.50984e-05
0.000105556 4.03518e-05 3.63418e-05 2.88630e-05
0.000133297 6.16263e-05 3.02414e-05 4.14293e-05
0.000246906 0.000103143 4.05428e-05 0.000103220
0.000297638 0.000105637 7.50088e-05 0.000116993
0.000240805 8.13989e-05 6.06776e-05 9.87286e-05
0.000266973 0.000124434 6.92659e-05 7.32739e-05
0.000256366 0.000124071 6.41770e-05 6.81184e-05
0.000217663 0.000117031 5.37484e-05 4.68831e-05
0.000213454 0.000105144 5.66334e-05 5.16759e-05
0.000191252 8.21648e-05 6.38140e-05 4.52731e-05
0.000199201 6.58187e-05 9.67194e-05 3.66625e-05
0.000153376 6.64444e-05 6.28719e-05 2.40597e-05
0.000134855 5.91354e-05 5.45947e-05 2.11250e-05
0.000198297 8.28996e-05 8.63687e-05 2.90289e-05
0.000348072 0.000177233 0.000146620 2.42193e-05
0.000395355 0.000218216 0.000116508 6.06305e-05
0.000323866 0.000156111 9.25270e-05 7.52275e-05
0.000288296 0.000106155 7.85661e-05 0.000103575
0.000274235 9.44591e-05 7.65882e-05 0.000103188
0.000324311 0.000130072 8.37887e-05 0.000110451
0.000271640 0.000118984 5.63608e-05 9.62954e-05
0.000218394 8.72652e-05 6.75659e-05 6.35627e-05
0.000211989 6.34479e-05 9.07789e-05 5.77625e-05
0.000256495 5.50293e-05 0.000101650 9.98150e-05
0.000240106 4.45261e-05 6.80664e-05 0.000127513
0.000323008 6.47239e-05 0.000113616 0.000144668
0.000333485 5.05921e-05 0.000112747 0.000170147
0.000244861 3.45135e-05 9.10126e-05 0.000119335
0.000196445 2.44624e-05 9.45365e-05 7.74460e-05
0.000179693 5.57022e-05 6.63799e-05 5.76112e-05
0.000149126 5.18560e-05 5.81387e-05 3.91310e-05
0.000133260 3.98738e-05 5.83292e-05 3.50574e-05
0.000137275 3.86951e-05 5.29745e-05 4.56051e-05
0.000115958 3.40789e-05 4.71715e-05 3.47080e-05
0.000116925 3.33798e-05 6.13317e-05 2.22131e-05
0.000116063 3.14311e-05 6.37942e-05 2.08375e-05
9.71941e-05 2.92451e-05 5.08039e-05 1.71452e-05
7.34062e-05 2.03479e-05 3.46525e-05 1.84057e-05
9.03987e-05 2.46228e-05 3.67512e-05 2.90247e-05
8.81869e-05 2.45425e-05 4.40002e-05 1.96442e-05
7.68341e-05 1.77183e-05 3.57974e-05 2.33184e-05
8.05149e-05 3.11607e-05 2.53257e-05 2.40285e-05
7.87506e-05 2.58159e-05 2.89330e-05 2.40018e-05
0.000111385 4.83887e-05 4.24725e-05 2.05242e-05
0.000108908 5.58318e-05 3.61580e-05 1.69177e-05
8.03470e-05 3.95045e-05 2.74681e-05 1.33745e-05
6.82509e-05 2.97991e-05 1.91607e-05 1.92912e-05
5.64486e-05 1.96124e-05 1.49833e-05 2.18528e-05
3.61271e-05 1.25520e-05 9.58933e-06 1.39858e-05
4.94071e-05 1.27630e-05 7.75529e-06 2.88889e-05
6.42784e-05 2.44997e-05 5.81947e-06 3.39592e-05
8.11023e-05 2.32425e-05 1.07771e-05 4.70827e-05
0.000108886 3.53850e-05 8.60707e-06 6.48941e-05
9.11861e-05 2.62958e-05 7.04651e-06 5.78439e-05
6.74903e-05 2.34313e-05 4.77474e-06 3.92844e-05
4.83374e-05 1.74729e-05 4.48208e-06 2.63824e-05
4.37643e-05 1.37876e-05 5.32991e-06 2.46468e-05
3.91121e-05 1.46828e-05 7.66965e-06 1.67596e-05
5.66928e-05 3.05394e-05 1.50232e-05 1.11301e-05
5.65760e-05 3.12467e-05 1.29079e-05 1.24214e-05
5.55714e-05 2.22593e-05 1.44148e-05 1.88973e-05
4.70917e-05 1.51899e-05 1.56801e-05 1.62216e-05
6.53910e-05 2.46367e-05 1.93409e-05 2.14134e-05
4.90989e-05 1.88351e-05 1.37104e-05 1.65534e-05
6.78060e-05 1.57142e-05 2.74330e-05 2.46588e-05
6.80512e-05 2.27606e-05 2.07854e-05 2.45052e-05
7.59272e-05 1.90998e-05 3.36368e-05 2.31906e-05
6.50603e-05 2.29267e-05 2.63351e-05 1.57985e-05
5.92383e-05 1.56308e-05 2.78138e-05 1.57937e-05
4.17308e-05 1.03966e-05 1.83235e-05 1.30107e-05
4.00869e-05 1.10074e-05 1.88961e-05 1.01834e-05
5.79617e-05 1.80940e-05 3.16971e-05 8.17061e-06
5.96260e-05 2.09018e-05 2.68375e-05 1.18867e-05
7.06300e-05 2.09789e-05 3.02210e-05 1.94301e-05
6.49743e-05 1.88438e-05 3.23688e-05 1.37617e-05
7.69976e-05 2.96087e-05 3.41401e-05 1.32487e-05
6.66313e-05 2.46841e-05 2.99629e-05 1.19843e-05
6.49851e-05 1.67910e-05 3.87386e-05 9.45551e-06
5.05918e-05 1.56410e-05 2.73029e-05 7.64800e-06
3.75126e-05 1.08039e-05 2.12582e-05 5.45039e-06
4.24228e-05 1.35085e-05 2.41915e-05 4.72281e-06
3.18429e-05 9.76474e-06 1.90556e-05 3.02260e-06
3.10269e-05 1.39150e-05 1.44379e-05 2.67408e-06
2.60231e-05 1.34025e-05 1.03960e-05 2.22463e-06
1.99218e-05 9.69267e-06 7.98296e-06 2.24620e-06
1.73365e-05 7.48965e-06 5.10909e-06 4.73776e-06
1.37324e-05 5.06650e-06 4.47640e-06 4.18951e-06
1.17454e-05 3.70082e-06 3.52347e-06 4.52111e-06
9.44668e-06 3.64091e-06 2.25502e-06 3.55075e-06
8.79235e-06 3.36392e-06 1.44321e-06 3.98522e-06
8.04614e-06 2.33720e-06 1.60927e-06 4.09967e-06
1.15656e-05 6.32496e-06 1.29470e-06 3.94591e-06
1.21217e-05 7.22900e-06 1.06766e-06 3.82502e-06
1.13989e-05 6.98598e-06 6.83301e-07 3.72966e-06
1.18480e-05 4.73494e-06 4.37312e-07 6.67574e-06
1.16246e-05 3.94766e-06 1.45328e-06 6.22362e-06
1.34907e-05 4.86073e-06 1.18246e-06 7.44753e-06
1.40416e-05 4.29057e-06 1.24530e-06 8.50570e-06
1.96464e-05 5.73767e-06 4.50593e-06 9.40283e-06
1.77049e-05 4.41347e-06 4.27313e-06 9.01833e-06
2.01094e-05 3.95320e-06 6.32371e-06 9.83252e-06
2.31606e-05 5.14080e-06 7.90305e-06 1.01168e-05
2.52219e-05 3.99373e-06 5.62630e-06 1.56019e-05
2.66721e-05 5.17775e-06 7.27415e-06 1.42202e-05
2.49640e-05 5.06708e-06 8.03232e-06 1.18646e-05
2.11463e-05 3.46826e-06 8.30761e-06 9.37044e-06
1.86605e-05 3.23088e-06 8.17573e-06 7.25390e-06
1.77526e-05 3.04699e-06 7.05668e-06 7.64898e-06
1.34968e-05 2.12570e-06 5.33446e-06 6.03663e-06
1.58019e-05 5.16985e-06 5.47423e-06 5.15781e-06
1.30490e-05 5.06083e-06 4.22819e-06 3.76000e-06
1.52403e-05 6.75721e-06 4.56676e-06 3.91636e-06
1.41035e-05 5.99614e-06 5.40369e-06 2.70368e-06
1.77866e-05 9.40236e-06 4.43385e-06 3.95043e-06
1.62667e-05 7.96477e-06 4.47336e-06 3.82858e-06
1.27153e-05 5.66818e-06 3.07484e-06 3.97231e-06
1.16131e-05 4.62556e-06 3.82713e-06 3.16044e-06
1.31574e-05 6.66599e-06 3.50637e-06 2.98504e-06
2.21101e-05 1.38870e-05 3.48577e-06 4.73726e-06
1.87528e-05 1.00221e-05 5.25828e-06 3.47236e-06
2.51682e-05 1.19399e-05 3.36530e-06 9.86294e-06
4.00773e-05 1.74665e-05 8.66443e-06 1.39464e-05
3.74908e-05 1.92657e-05 6.13962e-06 1.20855e-05
2.98579e-05 1.45849e-05 4.17695e-06 1.10960e-05
3.35539e-05 1.43903e-05 3.09057e-06 1.60731e-05
3.92102e-05 1.76706e-05 6.01172e-06 1.55279e-05
3.69430e-05 1.68194e-05 9.79677e-06 1.03268e-05
4.51432e-05 1.61537e-05 1.99982e-05 8.99132e-06
5.76288e-05 3.08367e-05 1.80968e-05 8.69525e-06
7.49234e-05 3.72527e-05 2.88495e-05 8.82120e-06
6.98612e-05 2.82327e-05 3.47618e-05 6.86677e-06
5.87150e-05 2.19155e-05 3.04285e-05 6.37101e-06
6.05427e-05 2.41475e-05 2.97945e-05 6.60079e-06
6.52401e-05 4.08579e-05 2.01577e-05 4.22450e-06
5.14128e-05 3.42441e-05 1.42603e-05 2.90835e-06
3.77321e-05 2.36782e-05 9.12660e-06 4.92732e-06
3.58832e-05 2.03222e-05 9.56853e-06 5.99242e-06
4.41289e-05 1.78221e-05 1.23913e-05 1.39155e-05
5.17091e-05 1.54526e-05 2.28871e-05 1.33694e-05
4.65656e-05 1.06787e-05 1.91908e-05 1.66962e-05
4.05268e-05 8.53729e-06 1.59726e-05 1.60169e-05
3.70094e-05 6.36069e-06 1.96004e-05 1.10483e-05
3.70652e-05 6.29912e-06 2.16110e-05 9.15510e-06
3.78627e-05 5.36130e-06 1.87835e-05 1.37179e-05
3.27861e-05 5.78903e-06 1.33348e-05 1.36623e-05
4.10699e-05 8.46320e-06 2.15602e-05 1.10465e-05
6.58391e-05 1.95276e-05 2.15029e-05 2.48086e-05
7.35814e-05 2.33011e-05 1.71412e-05 3.31391e-05
6.68534e-05 1.63721e-05 1.79322e-05 3.25491e-05
8.88701e-05 3.10780e-05 3.34796e-05 2.43125e-05
0.000137071 6.54397e-05 4.03336e-05 3.12974e-05
0.000105400 4.34891e-05 3.60381e-05 2.58731e-05
0.000104147 4.31336e-05 3.49222e-05 2.60917e-05
9.84876e-05 3.96891e-05 4.15967e-05 1.72018e-05
9.64067e-05 3.12887e-05 4.82066e-05 1.69114e-05
7.02053e-05 2.11412e-05 3.08522e-05 1.82118e-05
6.90801e-05 1.49221e-05 4.03230e-05 1.38350e-05
6.29597e-05 9.93412e-06 4.05960e-05 1.24296e-05
4.56965e-05 8.35561e-06 2.59814e-05 1.13595e-05
4.44322e-05 5.93178e-06 2.50025e-05 1.34980e-05
3.36555e-05 4.81582e-06 1.90899e-05 9.74987e-06
2.82289e-05 4.25680e-06 1.54123e-05 8.55975e-06
3.56582e-05 1.17968e-05 1.36469e-05 1.02145e-05
4.69297e-05 1.94371e-05 1.27472e-05 1.47454e-05
3.75918e-05 1.42361e-05 8.87594e-06 1.44797e-05
4.08927e-05 9.86903e-06 8.99032e-06 2.20333e-05
4.54038e-05 7.95695e-06 1.14425e-05 2.60044e-05
4.73518e-05 7.55590e-06 8.35585e-06 3.14400e-05
3.63592e-05 8.62767e-06 5.93172e-06 2.17998e-05
3.84104e-05 7.06189e-06 4.29078e-06 2.70577e-05
4.38373e-05 6.85449e-06 4.61875e-06 3.23641e-05
2.80559e-05 4.38687e-06 2.95600e-06 2.07130e-05
3.16245e-05 5.82661e-06 4.46661e-06 2.13313e-05
2.84389e-05 4.21936e-06 6.20130e-06 1.80183e-05
4.66682e-05 2.11255e-05 4.21770e-06 2.13250e-05
5.65444e-05 3.32776e-05 3.11866e-06 2.01481e-05
6.75067e-05 4.25373e-05 7.31287e-06 1.76565e-05
7.84800e-05 5.07625e-05 1.19359e-05 1.57816e-05
5.02272e-05 3.24880e-05 7.63899e-06 1.01002e-05
8.31228e-05 4.34282e-05 6.97801e-06 3.27166e-05
0.000159601 7.07200e-05 5.00089e-06 8.38804e-05
0.000148756 5.12407e-05 1.91140e-05 7.84018e-05
0.000142776 5.10019e-05 2.17718e-05 7.00026e-05
0.000124416 4.16216e-05 2.11031e-05 6.16911e-05
0.000114925 4.32458e-05 1.44252e-05 5.72544e-05
0.000117380 5.40610e-05 1.03873e-05 5.29314e-05
0.000120960 3.90776e-05 1.35816e-05 6.83012e-05
0.000136693 3.73117e-05 1.95737e-05 7.98072e-05
0.000147614 4.95598e-05 1.29663e-05 8.50878e-05
0.000145749 5.59129e-05 1.68976e-05 7.29385e-05
0.000185950 7.54966e-05 2.21182e-05 8.83349e-05
0.000174112 8.28884e-05 3.28369e-05 5.83870e-05
0.000125436 5.66937e-05 2.83265e-05 4.04156e-05
0.000122431 4.57228e-05 4.76410e-05 2.90669e-05
0.000110914 4.40882e-05 4.07397e-05 2.60860e-05
0.000114611 4.60824e-05 3.20323e-05 3.64968e-05
0.000102080 4.60249e-05 2.83795e-05 2.76753e-05
8.56700e-05 3.95465e-05 1.92264e-05 2.68971e-05
0.000110484 6.17923e-05 1.36332e-05 3.50581e-05
0.000117207 7.44148e-05 8.72527e-06 3.40665e-05
8.54254e-05 5.10824e-05 1.07950e-05 2.35480e-05
9.49972e-05 4.82769e-05 8.98465e-06 3.77356e-05
6.92231e-05 3.15850e-05 1.10253e-05 2.66128e-05
6.03920e-05 2.30749e-05 1.65715e-05 2.07455e-05
9.48404e-05 4.95890e-05 1.85083e-05 2.67430e-05
7.05171e-05 3.90471e-05 1.22724e-05 1.91976e-05
0.000105953 5.65705e-05 2.21748e-05 2.72077e-05
0.000211376 0.000101554 7.87051e-05 3.11169e-05
0.000304606 0.000178293 0.000104729 2.15845e-05
0.000266297 0.000123493 0.000124075 1.87295e-05
0.000339017 0.000161402 0.000133530 4.40841e-05
0.000310955 0.000148686 9.12391e-05 7.10301e-05
0.000279949 9.51591e-05 9.35279e-05 9.12618e-05
0.000327795 9.79236e-05 0.000143525 8.63463e-05
0.000310280 0.000114167 0.000109101 8.70120e-05
0.000240567 7.62564e-05 9.30756e-05 7.12348e-05
0.000216243 7.79970e-05 7.46590e-05 6.35866e-05
0.000256698 0.000102845 9.13338e-05 6.25188e-05
0.000300536 0.000133591 0.000122975 4.39704e-05
0.000264314 0.000125780 8.31293e-05 5.54047e-05
0.000217192 9.07409e-05 6.95473e-05 5.69034e-05
0.000199440 6.38362e-05 8.11540e-05 5.44499e-05
0.000166619 4.99641e-05 7.01459e-05 4.65092e-05
0.000142362 3.48206e-05 5.26168e-05 5.49247e-05
0.000112144 2.28697e-05 3.36747e-05 5.55991e-05
0.000106786 1.60829e-05 2.69972e-05 6.37058e-05
9.51276e-05 1.70658e-05 1.83158e-05 5.97459e-05
8.25826e-05 2.00144e-05 1.30195e-05 4.95488e-05
0.000116320 2.81065e-05 1.69462e-05 7.12678e-05
0.000130286 2.79532e-05 1.43281e-05 8.80043e-05
0.000140644 4.47622e-05 2.49615e-05 7.09200e-05
0.000165764 6.20107e-05 3.34128e-05 7.03403e-05
0.000127751 5.12804e-05 3.14529e-05 4.50178e-05
0.000115523 4.26225e-05 3.93141e-05 3.35860e-05
0.000119734 4.40609e-05 3.38206e-05 4.18528e-05
0.000129950 2.88562e-05 2.39946e-05 7.70989e-05
8.62289e-05 1.95406e-05 1.73450e-05 4.93433e-05
9.13505e-05 1.77502e-05 3.00768e-05 4.35235e-05
0.000100638 1.68817e-05 4.68859e-05 3.68708e-05
9.28770e-05 1.87734e-05 3.56391e-05 3.84646e-05
9.32714e-05 3.08906e-05 2.71062e-05 3.52745e-05
8.43916e-05 3.58123e-05 2.11194e-05 2.74599e-05
6.26818e-05 2.41131e-05 1.49071e-05 2.36615e-05
5.08398e-05 2.00891e-05 9.92433e-06 2.08263e-05
5.00276e-05 1.86962e-05 6.98665e-06 2.43448e-05
4.96359e-05 1.46554e-05 5.00681e-06 2.99736e-05
4.46839e-05 1.30775e-05 6.08390e-06 2.55226e-05
5.92805e-05 1.06415e-05 5.77796e-06 4.28610e-05
6.60210e-05 9.62157e-06 5.53883e-06 5.08606e-05
6.08322e-05 1.07666e-05 1.16980e-05 3.83676e-05
5.41576e-05 1.01040e-05 1.57304e-05 2.83231e-05
5.56970e-05 1.03663e-05 1.72798e-05 2.80509e-05
4.97055e-05 9.03831e-06 1.41076e-05 2.65596e-05
4.26674e-05 6.08426e-06 1.05677e-05 2.60154e-05
4.20539e-05 1.23292e-05 9.94851e-06 1.97762e-05
4.28321e-05 1.53382e-05 6.36705e-06 2.11268e-05
3.84478e-05 1.49875e-05 7.59896e-06 1.58613e-05
2.70317e-05 9.97690e-06 4.86333e-06 1.21914e-05
4.74242e-05 2.42672e-05 1.39292e-05 9.22768e-06
4.46710e-05 2.67428e-05 1.04442e-05 7.48397e-06
4.87950e-05 2.25841e-05 1.80274e-05 8.18352e-06
3.68723e-05 1.79137e-05 1.37211e-05 5.23745e-06
4.04827e-05 1.75203e-05 1.60708e-05 6.89158e-06
6.10462e-05 2.04074e-05 2.36928e-05 1.69460e-05
7.71588e-05 2.91388e-05 2.81800e-05 1.98400e-05
0.000117257 5.46777e-05 3.34576e-05 2.91218e-05
0.000139936 6.71054e-05 2.37501e-05 4.90801e-05
0.000127450 5.58940e-05 2.82300e-05 4.33257e-05
0.000117808 5.47001e-05 2.02190e-05 4.28888e-05
9.23695e-05 3.72262e-05 1.57311e-05 3.94123e-05
9.07451e-05 2.82141e-05 2.27716e-05 3.97594e-05
8.26082e-05 2.42661e-05 2.42512e-05 3.40910e-05
8.11564e-05 1.75303e-05 3.63679e-05 2.72581e-05
0.000107539 2.27006e-05 5.76369e-05 2.72014e-05
0.000128545 5.00157e-05 5.79269e-05 2.06027e-05
0.000120456 6.59106e-05 4.09124e-05 1.36332e-05
0.000116188 5.41122e-05 3.79763e-05 2.40999e-05
0.000115383 3.68380e-05 4.02521e-05 3.82932e-05
0.000140288 4.08773e-05 6.05517e-05 3.88589e-05
0.000175077 6.50893e-05 8.19771e-05 2.80103e-05
0.000209587 7.19850e-05 9.77673e-05 3.98349e-05
0.000254030 7.34722e-05 0.000149208 3.13502e-05
0.000216047 5.95759e-05 0.000129300 2.71706e-05
0.000273207 0.000101014 0.000148151 2.40421e-05
0.000241826 8.70936e-05 0.000122996 3.17364e-05
0.000192357 6.53044e-05 0.000103302 2.37503e-05
0.000216635 5.45782e-05 0.000105749 5.63076e-05
0.000198486 3.94294e-05 9.17711e-05 6.72858e-05
0.000146791 3.17942e-05 6.35413e-05 5.14557e-05
0.000131223 3.01974e-05 6.07072e-05 4.03180e-05
0.000128816 2.63621e-05 6.42667e-05 3.81872e-05
0.000153248 2.40815e-05 6.51858e-05 6.39813e-05
0.000152607 2.65866e-05 6.79384e-05 5.80816e-05
0.000174438 4.33723e-05 6.12140e-05 6.98516e-05
0.000162053 3.75757e-05 5.70119e-05 6.74659e-05
0.000112736 2.52703e-05 4.34806e-05 4.39850e-05
0.000104851 1.66715e-05 4.23171e-05 4.58623e-05
0.000112782 1.70382e-05 2.90372e-05 6.67062e-05
0.000120574 1.43972e-05 4.02000e-05 6.59766e-05
0.000166463 2.44293e-05 5.30889e-05 8.89445e-05
0.000146424 1.92258e-05 5.24674e-05 7.47307e-05
0.000132947 2.24502e-05 3.50197e-05 7.54770e-05
0.000118695 2.64605e-05 3.13059e-05 6.09281e-05
0.000139883 3.05826e-05 5.88912e-05 5.04095e-05
0.000133738 2.41699e-05 6.27693e-05 4.67984e-05
0.000126235 3.26854e-05 5.72767e-05 3.62726e-05
0.000149082 5.21145e-05 3.96965e-05 5.72715e-05
0.000124163 3.33533e-05 2.86002e-05 6.22100e-05
0.000148980 5.55039e-05 2.51634e-05 6.83131e-05
0.000178578 5.34875e-05 2.68480e-05 9.82421e-05
0.000155910 3.94567e-05 1.87463e-05 9.77069e-05
0.000163788 5.60396e-05 1.28648e-05 9.48841e-05
0.000125877 4.04227e-05 2.28088e-05 6.26454e-05
0.000142020 4.55266e-05 3.56783e-05 6.08148e-05
0.000129801 4.89635e-05 3.39188e-05 4.69190e-05
0.000135398 5.35893e-05 3.18452e-05 4.99634e-05
0.000125717 3.79947e-05 2.50650e-05 6.26569e-05
0.000141216 4.34574e-05 2.80547e-05 6.97041e-05
0.000191218 9.53500e-05 2.23664e-05 7.35018e-05
0.000271443 0.000126718 3.52348e-05 0.000109490
0.000236919 0.000109872 3.14688e-05 9.55776e-05
0.000207768 0.000104678 3.70481e-05 6.60419e-05
0.000194730 9.09812e-05 4.02633e-05 6.34855e-05
0.000196401 0.000103084 4.62157e-05 4.71014e-05
0.000230765 0.000109416 5.03961e-05 7.09536e-05
0.000186064 9.09549e-05 3.36657e-05 6.14433e-05
0.000142493 6.10615e-05 3.81829e-05 4.32488e-05
0.000131607 4.22166e-05 5.12273e-05 3.81634e-05
0.000133540 2.76619e-05 6.40207e-05 4.18571e-05
0.000120719 1.98349e-05 6.30199e-05 3.78646e-05
8.84067e-05 1.35862e-05 4.35179e-05 3.13026e-05
6.15531e-05 1.14203e-05 2.78515e-05 2.22813e-05
5.47803e-05 9.06674e-06 2.64653e-05 1.92482e-05
6.33749e-05 9.52095e-06 3.47984e-05 1.90556e-05
7.50341e-05 9.89231e-06 3.61283e-05 2.90135e-05
6.58401e-05 1.35795e-05 2.74475e-05 2.48131e-05
6.15912e-05 1.14154e-05 2.36946e-05 2.64811e-05
5.06978e-05 9.43754e-06 1.71411e-05 2.41192e-05
4.38963e-05 8.34222e-06 1.49431e-05 2.06110e-05
4.30329e-05 6.85516e-06 1.71229e-05 1.90549e-05
4.54360e-05 5.77053e-06 2.23242e-05 1.73413e-05
5.80624e-05 1.11336e-05 3.23344e-05 1.45944e-05
7.59831e-05 2.09443e-05 4.24715e-05 1.25672e-05
7.44320e-05 2.89848e-05 2.84794e-05 1.69678e-05
6.88282e-05 2.30319e-05 1.82268e-05 2.75695e-05
8.47532e-05 1.98428e-05 1.57523e-05 4.91581e-05
6.82618e-05 1.54664e-05 1.78136e-05 3.49818e-05
5.24918e-05 1.32375e-05 1.44932e-05 2.47611e-05
5.23674e-05 8.47202e-06 2.39175e-05 1.99779e-05
4.48543e-05 7.95640e-06 1.83307e-05 1.85673e-05
4.28781e-05 5.37349e-06 2.34218e-05 1.40827e-05
3.93395e-05 5.22172e-06 2.35776e-05 1.05402e-05
4.70195e-05 8.25944e-06 2.37024e-05 1.50577e-05
4.67395e-05 8.13859e-06 1.71462e-05 2.14547e-05
3.29367e-05 6.08514e-06 1.26639e-05 1.41876e-05
3.86555e-05 5.20313e-06 2.03164e-05 1.31359e-05
4.09690e-05 6.25775e-06 2.10669e-05 1.36443e-05
4.44071e-05 1.43287e-05 1.94470e-05 1.06314e-05
4.59470e-05 2.02927e-05 1.81977e-05 7.45655e-06
4.58665e-05 2.21950e-05 1.16466e-05 1.20250e-05
4.75910e-05 2.25933e-05 9.98967e-06 1.50081e-05
4.05397e-05 2.23293e-05 7.03050e-06 1.11799e-05
3.69278e-05 1.87835e-05 8.89341e-06 9.25088e-06
3.16527e-05 1.61673e-05 8.63910e-06 6.84624e-06
2.84724e-05 1.37555e-05 7.06960e-06 7.64723e-06
2.21458e-05 9.17244e-06 5.34345e-06 7.62986e-06
1.63888e-05 6.17229e-06 3.88983e-06 6.32670e-06
2.09518e-05 6.45775e-06 4.03330e-06 1.04607e-05
1.61120e-05 5.19405e-06 3.90317e-06 7.01479e-06
1.74664e-05 3.32419e-06 4.55397e-06 9.58825e-06
1.83292e-05 2.12748e-06 6.28344e-06 9.91828e-06
2.09992e-05 2.55206e-06 7.86702e-06 1.05801e-05
2.79988e-05 7.25215e-06 1.00256e-05 1.07211e-05
3.59169e-05 1.10441e-05 1.23696e-05 1.25032e-05
2.87609e-05 9.16722e-06 8.98877e-06 1.06049e-05
2.83065e-05 1.16043e-05 6.35795e-06 1.03442e-05
2.29656e-05 8.11248e-06 7.25591e-06 7.59723e-06
2.36679e-05 6.37404e-06 1.18778e-05 5.41611e-06
2.70647e-05 8.30029e-06 1.26495e-05 6.11492e-06
2.56429e-05 8.88957e-06 1.28398e-05 3.91355e-06
2.85805e-05 1.09431e-05 1.25535e-05 5.08391e-06
3.32048e-05 9.46825e-06 1.45806e-05 9.15588e-06
3.09358e-05 8.72492e-06 1.30195e-05 9.19138e-06
3.12612e-05 1.12047e-05 1.22611e-05 7.79527e-06
3.54487e-05 1.04430e-05 1.72577e-05 7.74804e-06
3.78693e-05 1.10455e-05 1.31833e-05 1.36405e-05
4.45058e-05 1.41839e-05 1.76078e-05 1.27141e-05
4.07698e-05 1.02239e-05 1.93811e-05 1.11647e-05
3.85162e-05 1.12745e-05 1.76266e-05 9.61507e-06
4.23613e-05 8.59825e-06 2.45786e-05 9.18445e-06
3.17221e-05 6.40286e-06 1.57303e-05 9.58897e-06
2.87283e-05 9.42581e-06 1.25451e-05 6.75735e-06
2.05677e-05 6.33854e-06 9.10845e-06 5.12073e-06
2.40838e-05 1.17586e-05 6.75440e-06 5.57079e-06
3.45835e-05 1.99436e-05 4.58232e-06 1.00576e-05
2.76406e-05 1.45828e-05 3.14709e-06 9.91072e-06
4.02393e-05 2.10955e-05 2.77292e-06 1.63708e-05
3.58372e-05 1.84007e-05 3.55569e-06 1.38808e-05
2.86521e-05 1.35259e-05 2.66190e-06 1.24643e-05
2.39384e-05 1.26551e-05 2.60089e-06 8.68243e-06
2.22878e-05 9.56045e-06 3.17609e-06 9.55129e-06
2.41851e-05 1.03159e-05 2.79463e-06 1.10746e-05
2.65350e-05 1.17701e-05 1.95683e-06 1.28081e-05
3.30148e-05 1.21301e-05 7.05727e-06 1.38274e-05
3.09242e-05 1.33047e-05 5.62273e-06 1.19968e-05
2.35209e-05 8.87784e-06 6.62273e-06 8.02030e-06
2.06791e-05 6.28352e-06 5.03224e-06 9.36332e-06
2.41018e-05 8.93820e-06 5.80616e-06 9.35746e-06
2.20654e-05 1.18170e-05 3.95682e-06 6.29158e-06
2.60399e-05 1.34899e-05 6.01392e-06 6.53606e-06
2.74441e-05 1.63672e-05 6.64015e-06 4.43676e-06
2.16032e-05 1.12866e-05 5.04439e-06 5.27218e-06
2.44166e-05 1.09088e-05 5.23839e-06 8.26940e-06
3.19892e-05 9.44287e-06 1.01377e-05 1.24087e-05
3.94704e-05 1.64662e-05 1.24690e-05 1.05352e-05
5.36930e-05 2.34819e-05 1.26942e-05 1.75169e-05
6.15510e-05 2.18688e-05 1.47017e-05 2.49805e-05
5.37647e-05 1.49318e-05 2.23530e-05 1.64799e-05
7.14701e-05 3.57935e-05 2.39052e-05 1.17714e-05
8.16664e-05 5.43176e-05 1.72842e-05 1.00646e-05
7.22916e-05 4.73394e-05 1.65154e-05 8.43674e-06
4.74622e-05 3.02972e-05 1.05699e-05 6.59513e-06
5.40671e-05 3.03689e-05 1.37484e-05 9.94985e-06
3.93705e-05 2.28271e-05 9.54379e-06 6.99961e-06
3.82350e-05 2.36979e-05 6.41578e-06 8.12125e-06
4.45804e-05 1.87064e-05 1.18392e-05 1.40348e-05
4.07254e-05 1.92095e-05 9.36453e-06 1.21513e-05
5.85224e-05 2.79881e-05 1.58848e-05 1.46494e-05
7.05443e-05 3.47314e-05 1.63979e-05 1.94149e-05
6.90556e-05 3.10911e-05 2.28198e-05 1.51446e-05
5.55284e-05 2.21544e-05 2.25064e-05 1.08676e-05
5.35492e-05 1.60926e-05 2.65044e-05 1.09522e-05
4.48358e-05 1.23682e-05 2.47961e-05 7.67146e-06
4.03013e-05 1.17558e-05 1.94846e-05 9.06091e-06
2.89352e-05 8.57028e-06 1.42680e-05 6.09701e-06
2.64728e-05 7.02035e-06 1.36776e-05 5.77486e-06
2.19593e-05 4.49302e-06 1.27709e-05 4.69540e-06
2.43256e-05 3.77071e-06 1.47677e-05 5.78713e-06
4.08798e-05 5.83103e-06 2.86197e-05 6.42901e-06
3.43948e-05 6.17756e-06 2.27699e-05 5.44735e-06
3.35554e-05 1.07603e-05 1.50461e-05 7.74907e-06
3.51311e-05 1.78401e-05 1.20557e-05 5.23528e-06
3.35754e-05 2.01275e-05 9.14275e-06 4.30510e-06
2.85716e-05 1.37799e-05 1.11653e-05 3.62640e-06
5.38165e-05 2.25985e-05 1.82511e-05 1.29669e-05
8.21192e-05 4.64784e-05 1.72697e-05 1.83711e-05
0.000126791 6.86235e-05 2.07436e-05 3.74234e-05
0.000114049 6.46754e-05 1.56112e-05 3.37622e-05
8.68213e-05 4.88232e-05 1.16067e-05 2.63913e-05
7.60097e-05 4.48530e-05 1.37602e-05 1.73964e-05
6.19747e-05 3.35058e-05 1.23979e-05 1.60709e-05
5.20946e-05 2.37833e-05 9.76151e-06 1.85498e-05
6.24132e-05 1.77160e-05 1.21344e-05 3.25628e-05
0.000124389 1.21820e-05 4.03692e-05 7.18378e-05
0.000142271 2.20837e-05 6.55512e-05 5.46358e-05
0.000131597 3.71760e-05 4.94291e-05 4.49923e-05
0.000128024 2.43967e-05 6.33842e-05 4.02432e-05
0.000125020 1.86672e-05 7.26175e-05 3.37357e-05
0.000106408 1.37087e-05 6.87777e-05 2.39220e-05
8.25001e-05 1.06904e-05 5.07879e-05 2.10217e-05
0.000101165 1.16654e-05 5.06334e-05 3.88664e-05
0.000111773 1.52197e-05 3.38208e-05 6.27327e-05
0.000108995 2.17063e-05 3.10799e-05 5.62092e-05
0.000117068 2.04934e-05 4.61976e-05 5.03771e-05
0.000129280 3.19421e-05 4.36388e-05 5.36987e-05
0.000110625 2.21459e-05 4.08543e-05 4.76253e-05
0.000105824 2.25537e-05 4.26129e-05 4.06576e-05
0.000125068 1.94874e-05 6.48222e-05 4.07585e-05
0.000112843 1.29102e-05 7.38469e-05 2.60854e-05
0.000142216 1.53687e-05 0.000106475 2.03729e-05
0.000167927 2.86327e-05 0.000118796 2.04979e-05
0.000160369 2.21972e-05 0.000107744 3.04281e-05
0.000202140 3.88117e-05 0.000130883 3.24456e-05
0.000185949 4.01622e-05 0.000120940 2.48463e-05
0.000206700 5.48735e-05 0.000117230 3.45966e-05
0.000303569 0.000116342 0.000133454 5.37722e-05
0.000307284 0.000120269 0.000114870 7.21448e-05
0.000320998 0.000143338 0.000127241 5.04180e-05
0.000308896 0.000158568 8.82304e-05 6.20971e-05
0.000197693 0.000101484 5.64674e-05 3.97421e-05
0.000126524 6.49496e-05 3.61392e-05 2.54350e-05
8.09752e-05 4.15678e-05 2.31291e-05 1.62784e-05
5.18241e-05 2.66034e-05 1.48026e-05 1.04182e-05
0.000105590 3.79016e-05 1.18813e-05 5.58075e-05
0.000144383 3.71370e-05 2.00660e-05 8.71802e-05
0.000191130 7.98436e-05 4.59889e-05 6.52971e-05
0.000200537 7.54541e-05 6.12094e-05 6.38739e-05
0.000158390 6.69050e-05 4.98211e-05 4.16643e-05
0.000117743 5.03720e-05 3.47242e-05 3.26471e-05
0.000115427 5.84689e-05 2.33983e-05 3.35598e-05
0.000102020 4.53251e-05 1.79669e-05 3.87276e-05
0.000101739 6.25401e-05 1.19197e-05 2.72791e-05
0.000107784 6.77940e-05 1.40322e-05 2.59580e-05
8.34484e-05 5.09889e-05 1.58464e-05 1.66131e-05
8.69015e-05 4.90623e-05 2.46815e-05 1.31577e-05
0.000118089 5.64104e-05 3.98336e-05 2.18452e-05
0.000109030 4.22592e-05 3.63982e-05 3.03722e-05
0.000108088 2.76894e-05 4.36912e-05 3.67075e-05
0.000135575 2.69775e-05 5.72050e-05 5.13926e-05
0.000171748 5.59096e-05 4.69252e-05 6.89137e-05
0.000171001 5.02563e-05 4.25838e-05 7.81609e-05
0.000159676 4.26751e-05 4.81978e-05 6.88030e-05
0.000150477 4.24845e-05 3.73010e-05 7.06911e-05
0.000150224 5.24838e-05 2.44774e-05 7.32623e-05
0.000187348 4.18917e-05 4.86005e-05 9.68558e-05
0.000160968 2.74515e-05 6.86090e-05 6.49078e-05
0.000139454 3.14329e-05 4.63890e-05 6.16320e-05
0.000109190 3.19688e-05 3.38461e-05 4.33754e-05
8.75485e-05 2.15882e-05 2.46184e-05 4.13419e-05
9.96720e-05 2.21028e-05 2.45354e-05 5.30338e-05
8.61747e-05 2.19388e-05 2.95786e-05 3.46573e-05
0.000122258 4.65549e-05 3.04634e-05 4.52397e-05
0.000141754 5.60799e-05 2.34836e-05 6.21902e-05
0.000159726 5.57619e-05 1.85527e-05 8.54113e-05
0.000135815 4.18100e-05 1.55064e-05 7.84985e-05
0.000113018 3.71570e-05 1.65871e-05 5.92743e-05
9.55254e-05 2.49956e-05 1.95953e-05 5.09345e-05
9.26880e-05 2.48400e-05 3.31231e-05 3.47249e-05
9.03811e-05 1.84452e-05 4.15916e-05 3.03443e-05
0.000115771 3.19286e-05 3.77402e-05 4.61026e-05
0.000100371 2.27196e-05 2.66321e-05 5.10196e-05
0.000101814 3.13296e-05 3.64208e-05 3.40641e-05
9.78331e-05 2.78529e-05 3.66987e-05 3.32816e-05
0.000102502 3.90904e-05 3.91978e-05 2.42136e-05
9.77219e-05 3.08632e-05 4.44770e-05 2.23817e-05
9.90677e-05 4.03416e-05 3.11508e-05 2.75753e-05
9.00769e-05 2.90392e-05 3.90434e-05 2.19943e-05
0.000152298 5.82646e-05 3.15144e-05 6.25186e-05
0.000206130 8.31922e-05 4.49564e-05 7.79818e-05
0.000146645 5.50537e-05 3.07855e-05 6.08061e-05
0.000130672 6.15121e-05 1.97027e-05 4.94575e-05
0.000132851 6.89651e-05 1.94658e-05 4.44201e-05
0.000139086 5.63236e-05 2.32428e-05 5.95197e-05
0.000118089 5.23353e-05 1.89124e-05 4.68411e-05
0.000114262 6.20806e-05 1.21039e-05 4.00777e-05
0.000114806 7.89814e-05 9.55268e-06 2.62723e-05
0.000121157 6.15903e-05 3.50050e-05 2.45616e-05
0.000205891 0.000118643 6.68652e-05 2.03826e-05
0.000233568 0.000152364 6.23256e-05 1.88791e-05
0.000190710 0.000121964 4.55113e-05 2.32351e-05
0.000197419 0.000112765 5.88658e-05 2.57890e-05
0.000190302 0.000116025 4.23398e-05 3.19374e-05
0.000158620 8.29801e-05 3.68024e-05 3.88372e-05
0.000153554 6.64021e-05 3.55235e-05 5.16282e-05
0.000133404 4.82975e-05 2.57620e-05 5.93443e-05
0.000135649 6.04417e-05 2.42209e-05 5.09864e-05
0.000113069 4.58766e-05 2.24359e-05 4.47566e-05
8.15275e-05 3.42134e-05 1.53063e-05 3.20078e-05
0.000136846 4.50180e-05 2.06508e-05 7.11771e-05
0.000223469 5.29219e-05 2.93647e-05 0.000141182
0.000285176 0.000138939 2.04271e-05 0.000125810
0.000489439 0.000185318 1.58779e-05 0.000288243
0.000508955 0.000159090 1.09612e-05 0.000338904
0.000511553 0.000253920 2.60973e-05 0.000231536
0.000439694 0.000236952 5.30676e-05 0.000149674
0.000388216 0.000202258 5.79310e-05 0.000128027
0.000482422 0.000232658 0.000152815 9.69489e-05
0.000548610 0.000252610 0.000212091 8.39090e-05
0.000532289 0.000243560 0.000199110 8.96196e-05
0.000437704 0.000200114 0.000149108 8.84824e-05
0.000344362 0.000143848 0.000125065 7.54496e-05
0.000357528 0.000138018 0.000144517 7.49927e-05
0.000339049 0.000134867 0.000147347 5.68350e-05
0.000247020 9.69093e-05 0.000109180 4.09311e-05
0.000241897 8.86120e-05 0.000106649 4.66364e-05
0.000226973 7.35573e-05 7.55534e-05 7.78621e-05
0.000305126 9.87486e-05 6.79831e-05 0.000138394
0.000263232 0.000112257 6.12481e-05 8.97263e-05
0.000186823 7.82384e-05 4.64358e-05 6.21486e-05
0.000183169 8.63210e-05 3.83098e-05 5.85381e-05
0.000185594 6.87907e-05 6.64146e-05 5.03883e-05
0.000237012 6.57994e-05 0.000104234 6.69781e-05
0.000182194 5.22381e-05 7.60578e-05 5.38984e-05
0.000181853 3.70840e-05 7.04148e-05 7.43543e-05
0.000145784 3.01064e-05 5.46057e-05 6.10721e-05
0.000120365 2.56670e-05 4.92611e-05 4.54373e-05
0.000122213 4.08419e-05 5.02803e-05 3.10905e-05
9.22421e-05 3.49561e-05 3.21794e-05 2.51065e-05
7.71764e-05 3.62622e-05 2.23034e-05 1.86108e-05
5.92458e-05 2.38044e-05 2.03951e-05 1.50462e-05
4.02959e-05 1.67096e-05 1.39567e-05 9.62959e-06
4.06541e-05 1.50963e-05 1.48200e-05 1.07379e-05
4.77497e-05 1.47959e-05 1.36510e-05 1.93028e-05
6.65995e-05 3.20479e-05 1.65059e-05 1.80458e-05
9.67583e-05 3.68068e-05 2.72290e-05 3.27224e-05
0.000120841 5.80932e-05 2.47406e-05 3.80069e-05
0.000129781 6.30930e-05 3.98935e-05 2.67950e-05
0.000108949 5.20672e-05 3.87055e-05 1.81759e-05
9.06016e-05 4.08042e-05 2.60110e-05 2.37864e-05
0.000106184 3.07015e-05 4.11782e-05 3.43046e-05
8.22238e-05 2.36523e-05 3.30465e-05 2.55250e-05
6.06069e-05 1.66077e-05 2.34728e-05 2.05264e-05
6.09786e-05 1.18664e-05 3.06512e-05 1.84610e-05
7.31439e-05 1.26421e-05 3.27247e-05 2.77771e-05
7.96549e-05 1.76224e-05 3.81355e-05 2.38970e-05
7.23370e-05 1.38938e-05 3.01819e-05 2.82614e-05
6.67075e-05 1.38398e-05 2.15392e-05 3.13285e-05
5.07413e-05 1.33435e-05 1.56723e-05 2.17255e-05
4.79945e-05 1.38536e-05 1.08245e-05 2.33164e-05
4.37878e-05 1.61883e-05 1.22012e-05 1.53983e-05
6.08658e-05 1.87155e-05 1.61957e-05 2.59546e-05
6.45289e-05 2.03108e-05 1.61523e-05 2.80658e-05
7.56943e-05 2.77353e-05 1.32909e-05 3.46681e-05
8.42069e-05 3.37871e-05 1.87575e-05 3.16622e-05
8.57146e-05 3.38609e-05 2.38073e-05 2.80463e-05
8.88327e-05 3.11142e-05 2.44915e-05 3.32270e-05
8.46283e-05 2.57820e-05 2.26443e-05 3.62020e-05
8.00709e-05 2.60910e-05 1.90127e-05 3.49672e-05
0.000101857 2.15299e-05 1.58426e-05 6.44845e-05
0.000104779 2.56589e-05 1.09378e-05 6.81827e-05
8.51757e-05 1.90094e-05 1.40832e-05 5.20830e-05
7.26628e-05 2.52606e-05 1.26430e-05 3.47592e-05
6.15485e-05 2.95473e-05 9.17514e-06 2.28260e-05
5.43056e-05 2.84401e-05 1.07861e-05 1.50795e-05
4.62634e-05 2.38294e-05 8.61338e-06 1.38207e-05
5.09163e-05 3.03022e-05 6.41293e-06 1.42011e-05
5.63766e-05 3.82897e-05 6.65325e-06 1.14337e-05
4.71090e-05 3.02938e-05 6.22007e-06 1.05952e-05
5.00308e-05 2.83661e-05 5.58945e-06 1.60753e-05
5.75767e-05 2.88170e-05 6.91344e-06 2.18462e-05
6.97011e-05 4.56343e-05 9.15643e-06 1.49104e-05
0.000104502 5.61889e-05 2.75593e-05 2.07535e-05
0.000120046 4.37177e-05 5.38193e-05 2.25088e-05
0.000106480 3.55964e-05 5.30479e-05 1.78354e-05
8.25170e-05 2.77220e-05 3.83869e-05 1.64081e-05
7.98299e-05 3.30642e-05 2.51810e-05 2.15847e-05
6.62034e-05 2.91587e-05 2.08661e-05 1.61786e-05
5.18599e-05 2.19870e-05 1.52128e-05 1.46600e-05
4.48554e-05 1.96067e-05 1.17496e-05 1.34991e-05
5.09469e-05 1.67774e-05 1.52934e-05 1.88761e-05
5.31020e-05 1.76368e-05 1.22328e-05 2.32324e-05
5.65444e-05 3.10741e-05 9.64424e-06 1.58262e-05
4.20320e-05 2.33158e-05 7.79470e-06 1.09215e-05
5.39843e-05 2.91700e-05 1.42203e-05 1.05941e-05
4.46468e-05 1.97472e-05 1.45639e-05 1.03357e-05
4.44833e-05 1.89641e-05 9.70021e-06 1.58190e-05
4.11705e-05 1.73102e-05 1.08314e-05 1.30290e-05
3.03970e-05 1.19127e-05 8.28790e-06 1.01964e-05
2.52526e-05 9.04361e-06 6.18810e-06 1.00208e-05
3.25305e-05 9.12645e-06 8.84500e-06 1.45590e-05
8.87955e-05 2.88344e-05 3.60920e-05 2.38691e-05
0.000115825 4.00180e-05 4.75696e-05 2.82371e-05
0.000119623 5.02813e-05 4.38858e-05 2.54564e-05
0.000117057 4.03157e-05 4.84441e-05 2.82972e-05
0.000139880 4.62690e-05 4.79017e-05 4.57091e-05
0.000108109 4.12939e-05 3.20342e-05 3.47806e-05
9.14490e-05 3.17305e-05 3.38651e-05 2.58534e-05
9.31656e-05 2.43742e-05 3.61016e-05 3.26897e-05
0.000107839 2.81225e-05 2.87324e-05 5.09843e-05
9.66487e-05 2.99520e-05 2.11204e-05 4.55763e-05
7.62298e-05 2.37211e-05 1.63664e-05 3.61424e-05
6.75661e-05 2.38208e-05 1.43634e-05 2.93820e-05
4.77391e-05 1.77420e-05 9.56925e-06 2.04279e-05
3.60247e-05 1.58794e-05 7.07149e-06 1.30738e-05
4.14896e-05 2.11864e-05 9.68050e-06 1.06227e-05
3.63697e-05 1.90010e-05 8.52392e-06 8.84476e-06
2.75011e-05 1.48713e-05 5.74636e-06 6.88340e-06
2.31123e-05 1.19314e-05 4.16460e-06 7.01629e-06
1.76873e-05 8.33122e-06 2.86992e-06 6.48613e-06
1.96593e-05 7.17289e-06 5.47210e-06 7.01436e-06
3.22607e-05 9.02313e-06 7.13359e-06 1.61039e-05
3.16139e-05 7.34774e-06 1.01262e-05 1.41399e-05
3.39361e-05 1.03322e-05 9.60518e-06 1.39987e-05
2.84630e-05 8.64723e-06 8.11316e-06 1.17026e-05
2.04230e-05 6.12826e-06 5.76808e-06 8.52664e-06
1.78862e-05 5.81326e-06 4.43455e-06 7.63834e-06
2.06539e-05 6.47219e-06 5.86923e-06 8.31251e-06
1.73715e-05 6.70252e-06 4.77033e-06 5.89868e-06
1.89794e-05 9.71554e-06 4.74273e-06 4.52109e-06
2.47345e-05 1.16717e-05 5.55644e-06 7.50642e-06
2.09329e-05 9.62377e-06 3.79190e-06 7.51723e-06
2.04832e-05 9.97611e-06 3.95341e-06 6.55373e-06
2.52197e-05 1.14791e-05 9.03074e-06 4.70989e-06
3.00158e-05 1.32006e-05 9.11485e-06 7.70028e-06
3.14114e-05 1.56219e-05 8.45205e-06 7.33747e-06
2.34403e-05 1.16147e-05 6.30153e-06 5.52406e-06
1.84805e-05 9.58251e-06 5.36260e-06 3.53540e-06
1.38316e-05 7.08093e-06 3.90290e-06 2.84773e-06
1.74844e-05 8.57638e-06 4.04394e-06 4.86407e-06
1.76987e-05 5.78090e-06 2.99899e-06 8.91881e-06
1.83334e-05 5.54182e-06 4.50877e-06 8.28275e-06
1.89276e-05 7.19874e-06 4.27535e-06 7.45347e-06
2.52437e-05 9.80168e-06 7.96715e-06 7.47484e-06
2.47834e-05 1.34945e-05 5.66957e-06 5.61937e-06
