5.52692e-05 9.33965e-06 3.30817e-05 1.28478e-05
5.70070e-05 9.00414e-06 3.28641e-05 1.51387e-05
5.63956e-05 7.00970e-06 3.12689e-05 1.81171e-05
7.58580e-05 9.26861e-06 5.24043e-05 1.41851e-05
0.000110028 2.11331e-05 7.98160e-05 9.07848e-06
0.000129626 2.59906e-05 9.45605e-05 9.07459e-06
0.000100649 2.03472e-05 7.38997e-05 6.40251e-06
0.000104850 3.40113e-05 6.51481e-05 5.69030e-06
0.000116911 4.74559e-05 6.34516e-05 6.00307e-06
0.000116573 4.22395e-05 6.61366e-05 8.19701e-06
0.000106690 3.17156e-05 6.72899e-05 7.68403e-06
8.07578e-05 2.37741e-05 4.90337e-05 7.94999e-06
6.08114e-05 1.87749e-05 3.28058e-05 9.23075e-06
5.67453e-05 2.26892e-05 2.52213e-05 8.83481e-06
4.77508e-05 2.18581e-05 1.66508e-05 9.24181e-06
4.53423e-05 2.12045e-05 1.56487e-05 8.48908e-06
3.79935e-05 1.59413e-05 1.34506e-05 8.60160e-06
3.46039e-05 1.10067e-05 1.45464e-05 9.05072e-06
2.90935e-05 7.04431e-06 1.26310e-05 9.41824e-06
4.01519e-05 5.91501e-06 2.29602e-05 1.12767e-05
5.99009e-05 5.95227e-06 4.60702e-05 7.87845e-06
5.93184e-05 7.58801e-06 4.64142e-05 5.31617e-06
5.68394e-05 1.31344e-05 3.77195e-05 5.98542e-06
6.28886e-05 8.40602e-06 4.88249e-05 5.65768e-06
7.82952e-05 1.17724e-05 6.16658e-05 4.85697e-06
8.01568e-05 1.08946e-05 6.36687e-05 5.59345e-06
6.99736e-05 1.31674e-05 5.27564e-05 4.04988e-06
6.61136e-05 1.46637e-05 4.73237e-05 4.12626e-06
6.87969e-05 1.54297e-05 4.31900e-05 1.01772e-05
5.73508e-05 1.91635e-05 3.10449e-05 7.14241e-06
5.37505e-05 1.69717e-05 2.71615e-05 9.61725e-06
5.45669e-05 2.16636e-05 2.54955e-05 7.40777e-06
6.12458e-05 2.84008e-05 2.60915e-05 6.75352e-06
5.14357e-05 2.20496e-05 2.34316e-05 5.95449e-06
4.94571e-05 1.80678e-05 2.63127e-05 5.07659e-06
4.27043e-05 1.33045e-05 2.54671e-05 3.93266e-06
3.95859e-05 8.87910e-06 2.73679e-05 3.33889e-06
3.62489e-05 5.98088e-06 2.69447e-05 3.32329e-06
3.17073e-05 8.31074e-06 1.93959e-05 4.00065e-06
3.07755e-05 1.21081e-05 1.57072e-05 2.96020e-06
2.85608e-05 1.03429e-05 1.54042e-05 2.81367e-06
3.16119e-05 1.13953e-05 1.66683e-05 3.54829e-06
3.18410e-05 1.27104e-05 1.46831e-05 4.44754e-06
3.77511e-05 1.93255e-05 1.31856e-05 5.23998e-06
3.21331e-05 1.41669e-05 1.20455e-05 5.92069e-06
3.89873e-05 1.50213e-05 1.47843e-05 9.18173e-06
3.01347e-05 1.00004e-05 9.46193e-06 1.06724e-05
2.33247e-05 7.71120e-06 8.78319e-06 6.83034e-06
2.76650e-05 9.52424e-06 1.18298e-05 6.31100e-06
2.63233e-05 1.32664e-05 9.01784e-06 4.03904e-06
2.89577e-05 1.11968e-05 1.20472e-05 5.71374e-06
2.94112e-05 7.84247e-06 1.43066e-05 7.26212e-06
2.83230e-05 9.64081e-06 1.07409e-05 7.94127e-06
2.74606e-05 8.14829e-06 1.18267e-05 7.48567e-06
3.13723e-05 1.15278e-05 1.36456e-05 6.19900e-06
4.82203e-05 2.62633e-05 1.67001e-05 5.25696e-06
3.52117e-05 1.94358e-05 1.06881e-05 5.08783e-06
3.72643e-05 1.92853e-05 1.40385e-05 3.94057e-06
3.61215e-05 2.13891e-05 1.13876e-05 3.34471e-06
3.81228e-05 2.37488e-05 9.85737e-06 4.51668e-06
2.85609e-05 1.66782e-05 8.34537e-06 3.53737e-06
2.82866e-05 1.60657e-05 8.27584e-06 3.94501e-06
2.81760e-05 1.60755e-05 5.89094e-06 6.20963e-06
2.44567e-05 1.37018e-05 4.01824e-06 6.73660e-06
2.19395e-05 1.46374e-05 2.99065e-06 4.31142e-06
2.24817e-05 1.63931e-05 2.47131e-06 3.61724e-06
2.69345e-05 2.11393e-05 3.09931e-06 2.69588e-06
2.22055e-05 1.58961e-05 2.16455e-06 4.14485e-06
2.55260e-05 1.95784e-05 2.22385e-06 3.72372e-06
2.35852e-05 1.83261e-05 2.87595e-06 2.38318e-06
1.86676e-05 1.44040e-05 2.58599e-06 1.67755e-06
2.04332e-05 1.24629e-05 5.84594e-06 2.12441e-06
1.89748e-05 9.05706e-06 5.63702e-06 4.28067e-06
1.55472e-05 6.40653e-06 5.77065e-06 3.37006e-06
1.96435e-05 6.66008e-06 8.94176e-06 4.04167e-06
1.94744e-05 6.54661e-06 9.50862e-06 3.41916e-06
1.77129e-05 6.14650e-06 9.19644e-06 2.36998e-06
1.40655e-05 4.18255e-06 8.21425e-06 1.66869e-06
1.34505e-05 4.02664e-06 7.12869e-06 2.29521e-06
1.66306e-05 5.79930e-06 8.72073e-06 2.11058e-06
2.86140e-05 9.60964e-06 1.49844e-05 4.01994e-06
4.31653e-05 1.20276e-05 2.35878e-05 7.54996e-06
4.92536e-05 1.15060e-05 2.77537e-05 9.99394e-06
4.76671e-05 1.46328e-05 2.28505e-05 1.01839e-05
4.46507e-05 1.39843e-05 1.87229e-05 1.19434e-05
4.00350e-05 1.13044e-05 1.57167e-05 1.30140e-05
4.66467e-05 1.21983e-05 1.12903e-05 2.31581e-05
4.50513e-05 1.33861e-05 7.91739e-06 2.37478e-05
5.03113e-05 1.99890e-05 1.06060e-05 1.97163e-05
4.41982e-05 1.60724e-05 1.08684e-05 1.72575e-05
4.06307e-05 1.32462e-05 1.46813e-05 1.27032e-05
5.35893e-05 9.97712e-06 2.90620e-05 1.45502e-05
7.95575e-05 1.23556e-05 5.01028e-05 1.70992e-05
5.76910e-05 8.61750e-06 3.64790e-05 1.25945e-05
5.94942e-05 5.80908e-06 4.10012e-05 1.26840e-05
6.10875e-05 3.95978e-06 4.07001e-05 1.64276e-05
6.94238e-05 9.45026e-06 3.96640e-05 2.03095e-05
9.49416e-05 1.70302e-05 5.70408e-05 2.08706e-05
0.000108259 1.73558e-05 7.42883e-05 1.66148e-05
0.000105486 1.37150e-05 7.82115e-05 1.35591e-05
8.65162e-05 1.28184e-05 5.93446e-05 1.43533e-05
8.29560e-05 1.78329e-05 5.32052e-05 1.19179e-05
6.48944e-05 1.49953e-05 3.93797e-05 1.05194e-05
5.12360e-05 1.07793e-05 2.64810e-05 1.39758e-05
6.97609e-05 1.49127e-05 4.15045e-05 1.33437e-05
7.39531e-05 1.28409e-05 4.69363e-05 1.41758e-05
6.44134e-05 9.31479e-06 3.73240e-05 1.77746e-05
5.80474e-05 8.98460e-06 2.97368e-05 1.93260e-05
4.68579e-05 6.35777e-06 2.68287e-05 1.36715e-05
4.63720e-05 5.41009e-06 2.65162e-05 1.44457e-05
4.01975e-05 7.09490e-06 1.80221e-05 1.50804e-05
3.76294e-05 1.01174e-05 1.28505e-05 1.46616e-05
3.23589e-05 7.11899e-06 1.13614e-05 1.38786e-05
2.72942e-05 6.27534e-06 9.44731e-06 1.15715e-05
2.36560e-05 7.53583e-06 7.34589e-06 8.77428e-06
2.62515e-05 1.09413e-05 8.17759e-06 7.13262e-06
2.08002e-05 8.73203e-06 5.52519e-06 6.54302e-06
1.33122e-05 5.58850e-06 3.53612e-06 4.18753e-06
1.41678e-05 4.57204e-06 4.02882e-06 5.56694e-06
1.63527e-05 5.13660e-06 4.71511e-06 6.50103e-06
2.72638e-05 5.61191e-06 3.95436e-06 1.76976e-05
4.55123e-05 1.45135e-05 3.62945e-06 2.73694e-05
4.40506e-05 2.16544e-05 3.85753e-06 1.85386e-05
3.97677e-05 2.45808e-05 3.32209e-06 1.18647e-05
3.16025e-05 1.57317e-05 2.92253e-06 1.29483e-05
2.66677e-05 1.12784e-05 2.42173e-06 1.29676e-05
2.35571e-05 8.97276e-06 3.27849e-06 1.13059e-05
2.66288e-05 8.00139e-06 5.71858e-06 1.29088e-05
2.00699e-05 5.12089e-06 5.24517e-06 9.70382e-06
2.59632e-05 5.59877e-06 1.11602e-05 9.20421e-06
3.31326e-05 1.05730e-05 1.54421e-05 7.11749e-06
4.48713e-05 1.87533e-05 1.15271e-05 1.45908e-05
4.50964e-05 1.76863e-05 1.07704e-05 1.66397e-05
3.67998e-05 1.13192e-05 1.10017e-05 1.44789e-05
3.13753e-05 7.92445e-06 8.80766e-06 1.46432e-05
3.00448e-05 6.87792e-06 1.01846e-05 1.29822e-05
2.71357e-05 8.41531e-06 8.58600e-06 1.01344e-05
2.91999e-05 7.24300e-06 1.48432e-05 7.11371e-06
2.89064e-05 6.36843e-06 1.56982e-05 6.83977e-06
2.79571e-05 5.13427e-06 1.34875e-05 9.33536e-06
2.44726e-05 4.50078e-06 1.14110e-05 8.56076e-06
2.61951e-05 3.78005e-06 1.02738e-05 1.21413e-05
2.11096e-05 4.72180e-06 7.57795e-06 8.80985e-06
2.23858e-05 9.21301e-06 6.33298e-06 6.83978e-06
2.35609e-05 9.65702e-06 8.73811e-06 5.16574e-06
3.51527e-05 9.25305e-06 2.25936e-05 3.30607e-06
4.13175e-05 9.68980e-06 2.68885e-05 4.73919e-06
4.30629e-05 1.08447e-05 2.28184e-05 9.39975e-06
3.80068e-05 1.31235e-05 1.76283e-05 7.25498e-06
4.41844e-05 1.55866e-05 2.36915e-05 4.90624e-06
5.39748e-05 2.09657e-05 2.98692e-05 3.13999e-06
3.93664e-05 1.48097e-05 2.02313e-05 4.32542e-06
3.91870e-05 1.75587e-05 1.34043e-05 8.22395e-06
3.81784e-05 1.77819e-05 1.09301e-05 9.46639e-06
2.92899e-05 1.18009e-05 1.11305e-05 6.35845e-06
3.42772e-05 1.30524e-05 1.30450e-05 8.17977e-06
3.83913e-05 2.02136e-05 9.47403e-06 8.70360e-06
3.46029e-05 1.88170e-05 7.36474e-06 8.42113e-06
3.04759e-05 1.38185e-05 5.86830e-06 1.07891e-05
2.60362e-05 1.16019e-05 4.00327e-06 1.04310e-05
2.12353e-05 8.83255e-06 4.42463e-06 7.97811e-06
1.88729e-05 7.55214e-06 5.93907e-06 5.38166e-06
1.75137e-05 5.98059e-06 4.57180e-06 6.96131e-06
1.82932e-05 9.03787e-06 3.14493e-06 6.11041e-06
2.80780e-05 1.51106e-05 3.22502e-06 9.74235e-06
3.28126e-05 1.57959e-05 3.76163e-06 1.32551e-05
3.85571e-05 1.68583e-05 4.75294e-06 1.69459e-05
4.17259e-05 2.63934e-05 3.26508e-06 1.20674e-05
4.09508e-05 2.29374e-05 3.55524e-06 1.44582e-05
3.42191e-05 1.81795e-05 4.04513e-06 1.19944e-05
2.66264e-05 1.24928e-05 3.94467e-06 1.01889e-05
3.34845e-05 2.19057e-05 2.72828e-06 8.85054e-06
6.59313e-05 5.01152e-05 2.09411e-06 1.37219e-05
7.39581e-05 4.84456e-05 3.89974e-06 2.16128e-05
5.67895e-05 3.98076e-05 2.69837e-06 1.42836e-05
4.82626e-05 2.80317e-05 4.81399e-06 1.54169e-05
3.33266e-05 1.79403e-05 3.53805e-06 1.18483e-05
2.72845e-05 1.23341e-05 2.86739e-06 1.20830e-05
2.81517e-05 1.09142e-05 1.83513e-06 1.54024e-05
2.53071e-05 1.14516e-05 1.17448e-06 1.26811e-05
3.42923e-05 1.36556e-05 5.64296e-06 1.49938e-05
4.77271e-05 1.23348e-05 1.53016e-05 2.00907e-05
3.98086e-05 1.39580e-05 9.79301e-06 1.60576e-05
4.69031e-05 1.63113e-05 1.32122e-05 1.73797e-05
5.39987e-05 2.46036e-05 1.48280e-05 1.45671e-05
7.85435e-05 4.30598e-05 1.47060e-05 2.07778e-05
6.86498e-05 3.44238e-05 1.46085e-05 1.96175e-05
5.50106e-05 2.62764e-05 1.05381e-05 1.81962e-05
3.95740e-05 1.89040e-05 7.75932e-06 1.29107e-05
3.20762e-05 1.20985e-05 5.25004e-06 1.47277e-05
2.76081e-05 8.80849e-06 5.75384e-06 1.30458e-05
2.15691e-05 6.87152e-06 5.27204e-06 9.42558e-06
1.73342e-05 5.78824e-06 3.60896e-06 7.93699e-06
1.26644e-05 3.94602e-06 3.36373e-06 5.35464e-06
1.21083e-05 4.33986e-06 3.88126e-06 3.88720e-06
1.43229e-05 4.93910e-06 3.81496e-06 5.56882e-06
1.78201e-05 5.16195e-06 7.59990e-06 5.05821e-06
1.88663e-05 7.52934e-06 6.66958e-06 4.66740e-06
1.65190e-05 5.37631e-06 4.53219e-06 6.61049e-06
1.46645e-05 7.06392e-06 3.11865e-06 4.48197e-06
1.86793e-05 1.17180e-05 2.98267e-06 3.97858e-06
2.43172e-05 1.83396e-05 1.90891e-06 4.06863e-06
2.20524e-05 1.39485e-05 3.45790e-06 4.64592e-06
2.65297e-05 1.58082e-05 5.02612e-06 5.69545e-06
2.47364e-05 1.63650e-05 3.21672e-06 5.15467e-06
2.32226e-05 1.48524e-05 5.07122e-06 3.29899e-06
2.33242e-05 1.46245e-05 4.47667e-06 4.22309e-06
2.10673e-05 1.39779e-05 3.30643e-06 3.78301e-06
2.11539e-05 1.43930e-05 4.33980e-06 2.42112e-06
1.86858e-05 1.28944e-05 3.21227e-06 2.57916e-06
1.71001e-05 1.13351e-05 3.05582e-06 2.70918e-06
1.69714e-05 1.17958e-05 2.93347e-06 2.24208e-06
2.17897e-05 1.26058e-05 4.25009e-06 4.93386e-06
1.71676e-05 8.06769e-06 3.15050e-06 5.94943e-06
1.87198e-05 1.02314e-05 4.19637e-06 4.29198e-06
1.58704e-05 6.86801e-06 3.33925e-06 5.66309e-06
1.70102e-05 8.40655e-06 2.32484e-06 6.27876e-06
1.73808e-05 1.01387e-05 1.64518e-06 5.59690e-06
1.94092e-05 1.33879e-05 1.96907e-06 4.05223e-06
1.82127e-05 1.21312e-05 3.29061e-06 2.79094e-06
1.34412e-05 8.46753e-06 2.29236e-06 2.68131e-06
1.09936e-05 6.00955e-06 2.93814e-06 2.04596e-06
8.67757e-06 4.34583e-06 1.88041e-06 2.45133e-06
8.30590e-06 3.43363e-06 1.65272e-06 3.21955e-06
1.11956e-05 4.94395e-06 1.33211e-06 4.91954e-06
1.49460e-05 7.31794e-06 1.69119e-06 5.93684e-06
1.47125e-05 6.74151e-06 3.68759e-06 4.28343e-06
1.24156e-05 4.84295e-06 4.41809e-06 3.15456e-06
1.23898e-05 5.95299e-06 3.04291e-06 3.39393e-06
1.31763e-05 5.11071e-06 2.12684e-06 5.93875e-06
1.44074e-05 5.88611e-06 2.01103e-06 6.51031e-06
2.00508e-05 9.69892e-06 4.58030e-06 5.77155e-06
1.57140e-05 7.84133e-06 2.93139e-06 4.94131e-06
2.01882e-05 6.81595e-06 3.74582e-06 9.62644e-06
2.58344e-05 9.85004e-06 2.39733e-06 1.35870e-05
2.65567e-05 1.26784e-05 1.69395e-06 1.21844e-05
2.54628e-05 8.11415e-06 2.78805e-06 1.45606e-05
2.99512e-05 1.23481e-05 1.95622e-06 1.56469e-05
3.12293e-05 1.13368e-05 4.78495e-06 1.51076e-05
2.73606e-05 7.25553e-06 4.00550e-06 1.60996e-05
1.92761e-05 4.91352e-06 3.66874e-06 1.06938e-05
1.96427e-05 6.63665e-06 4.14180e-06 8.86427e-06
2.00024e-05 8.20130e-06 4.27697e-06 7.52411e-06
1.85701e-05 8.46003e-06 2.94919e-06 7.16088e-06
1.88750e-05 9.03741e-06 2.64150e-06 7.19611e-06
2.58998e-05 1.70917e-05 2.21645e-06 6.59165e-06
2.15575e-05 1.35270e-05 1.90324e-06 6.12717e-06
2.41885e-05 1.40264e-05 2.19271e-06 7.96934e-06
2.04312e-05 1.01214e-05 3.75930e-06 6.55045e-06
2.78060e-05 1.77460e-05 3.96454e-06 6.09539e-06
2.55981e-05 1.59015e-05 2.74149e-06 6.95520e-06
2.82372e-05 1.54545e-05 3.33958e-06 9.44310e-06
3.58775e-05 1.86484e-05 6.72545e-06 1.05036e-05
2.59274e-05 1.32495e-05 4.30429e-06 8.37364e-06
2.41051e-05 1.20257e-05 5.23619e-06 6.84326e-06
2.15490e-05 1.27956e-05 3.58523e-06 5.16816e-06
1.61475e-05 8.54648e-06 4.07084e-06 3.53021e-06
1.66911e-05 8.73989e-06 5.31542e-06 2.63576e-06
1.39198e-05 6.50422e-06 4.66003e-06 2.75554e-06
1.73606e-05 8.80095e-06 6.79615e-06 1.76354e-06
1.61704e-05 5.92957e-06 6.37828e-06 3.86255e-06
1.32668e-05 4.81841e-06 5.16122e-06 3.28717e-06
1.30760e-05 5.06310e-06 4.28026e-06 3.73269e-06
1.19925e-05 4.71174e-06 3.17128e-06 4.10949e-06
1.52753e-05 7.09101e-06 2.40360e-06 5.78069e-06
1.60707e-05 8.24500e-06 2.04159e-06 5.78412e-06
1.66325e-05 5.27680e-06 1.94459e-06 9.41110e-06
1.38949e-05 5.15295e-06 2.41977e-06 6.32219e-06
1.26752e-05 5.33643e-06 1.70904e-06 5.62969e-06
1.22036e-05 5.77864e-06 1.84989e-06 4.57509e-06
1.63744e-05 1.07701e-05 1.79425e-06 3.81008e-06
1.58826e-05 1.05171e-05 1.43354e-06 3.93201e-06
1.46130e-05 1.03168e-05 1.17408e-06 3.12205e-06
1.90088e-05 1.35515e-05 1.39501e-06 4.06229e-06
1.59611e-05 9.04050e-06 8.92806e-07 6.02782e-06
1.72874e-05 8.05254e-06 1.01469e-06 8.22014e-06
1.99167e-05 7.64094e-06 2.05747e-06 1.02183e-05
2.08547e-05 9.84547e-06 2.13679e-06 8.87245e-06
2.64800e-05 1.59392e-05 3.01067e-06 7.53016e-06
2.21104e-05 1.18401e-05 2.10527e-06 8.16504e-06
2.96650e-05 2.17833e-05 1.49724e-06 6.38446e-06
3.20270e-05 2.53082e-05 2.38579e-06 4.33304e-06
2.95883e-05 1.82466e-05 4.74590e-06 6.59578e-06
3.76795e-05 1.72922e-05 9.76940e-06 1.06179e-05
3.61734e-05 2.31255e-05 6.25242e-06 6.79546e-06
4.11244e-05 2.84015e-05 7.58795e-06 5.13493e-06
3.66359e-05 2.44311e-05 6.66062e-06 5.54414e-06
3.39941e-05 2.09014e-05 5.65926e-06 7.43344e-06
4.21749e-05 2.90162e-05 4.37519e-06 8.78353e-06
4.37540e-05 2.67697e-05 4.20445e-06 1.27799e-05
3.24212e-05 1.87007e-05 3.34502e-06 1.03755e-05
2.22544e-05 1.28383e-05 2.14081e-06 7.27525e-06
1.52763e-05 8.93989e-06 1.68020e-06 4.65616e-06
1.39243e-05 7.29411e-06 1.20964e-06 5.42060e-06
1.35006e-05 8.06530e-06 1.01118e-06 4.42412e-06
1.41017e-05 9.45446e-06 1.39613e-06 3.25110e-06
1.69132e-05 8.36455e-06 8.93521e-07 7.65512e-06
1.37670e-05 5.94014e-06 2.09553e-06 5.73134e-06
1.06065e-05 4.04633e-06 2.16779e-06 4.39240e-06
8.00176e-06 3.44574e-06 1.53940e-06 3.01662e-06
7.15429e-06 3.67613e-06 1.54752e-06 1.93064e-06
1.17059e-05 6.99868e-06 1.11946e-06 3.58774e-06
1.21880e-05 8.16529e-06 1.34723e-06 2.67551e-06
1.18395e-05 7.38917e-06 2.23276e-06 2.21757e-06
1.01985e-05 4.72907e-06 4.05021e-06 1.41924e-06
1.61576e-05 6.46465e-06 5.29642e-06 4.39653e-06
1.48161e-05 4.39243e-06 7.40432e-06 3.01935e-06
1.79037e-05 5.26349e-06 5.59526e-06 7.04493e-06
1.80067e-05 4.86613e-06 6.35481e-06 6.78580e-06
1.64162e-05 3.33611e-06 4.86317e-06 8.21694e-06
1.88344e-05 2.71088e-06 6.66310e-06 9.46037e-06
1.71184e-05 2.84843e-06 5.96413e-06 8.30589e-06
2.33498e-05 5.76033e-06 7.67742e-06 9.91209e-06
2.01523e-05 6.12997e-06 7.05765e-06 6.96469e-06
2.20389e-05 1.19916e-05 5.06703e-06 4.98026e-06
2.19894e-05 1.23300e-05 5.30671e-06 4.35266e-06
2.31237e-05 1.44192e-05 5.50244e-06 3.20208e-06
2.00352e-05 1.33618e-05 4.26481e-06 2.40852e-06
1.52489e-05 1.04529e-05 2.94111e-06 1.85490e-06
1.68283e-05 1.19100e-05 2.63538e-06 2.28292e-06
1.33557e-05 9.04749e-06 2.02896e-06 2.27929e-06
2.29073e-05 1.81396e-05 2.11353e-06 2.65417e-06
2.12854e-05 1.72088e-05 1.50281e-06 2.57382e-06
2.80252e-05 2.18777e-05 1.36720e-06 4.78034e-06
3.75529e-05 3.06126e-05 1.12598e-06 5.81427e-06
3.32828e-05 2.30097e-05 8.31292e-07 9.44186e-06
2.72874e-05 1.71915e-05 7.31210e-07 9.36467e-06
3.05183e-05 2.07223e-05 1.56191e-06 8.23413e-06
2.45611e-05 1.56067e-05 1.89594e-06 7.05854e-06
1.87435e-05 1.20354e-05 1.66437e-06 5.04374e-06
1.32785e-05 8.76541e-06 1.06519e-06 3.44792e-06
1.46531e-05 7.84459e-06 2.69875e-06 4.10977e-06
1.11788e-05 5.88513e-06 2.25837e-06 3.03525e-06
1.63826e-05 8.22034e-06 6.04827e-06 2.11398e-06
1.43096e-05 5.54814e-06 5.20626e-06 3.55519e-06
1.87553e-05 8.97603e-06 7.31877e-06 2.46055e-06
2.13920e-05 1.06368e-05 5.83546e-06 4.91968e-06
2.19234e-05 1.12240e-05 5.33464e-06 5.36477e-06
1.74037e-05 7.18337e-06 3.89452e-06 6.32582e-06
2.03122e-05 7.28982e-06 4.87228e-06 8.15015e-06
1.55104e-05 4.93609e-06 3.57802e-06 6.99632e-06
2.17793e-05 9.45134e-06 3.57350e-06 8.75449e-06
2.47527e-05 1.23154e-05 2.89291e-06 9.54437e-06
2.44689e-05 1.13117e-05 3.71087e-06 9.44630e-06
2.09180e-05 9.75271e-06 3.21307e-06 7.95221e-06
1.70161e-05 6.24174e-06 3.28016e-06 7.49416e-06
1.42704e-05 4.76964e-06 2.68126e-06 6.81949e-06
1.54295e-05 4.75007e-06 3.75777e-06 6.92164e-06
1.59081e-05 4.21219e-06 5.90850e-06 5.78741e-06
1.54023e-05 6.59596e-06 5.10244e-06 3.70394e-06
1.36441e-05 6.18474e-06 4.50013e-06 2.95922e-06
1.29058e-05 6.79703e-06 4.04552e-06 2.06321e-06
1.03479e-05 4.88059e-06 3.69925e-06 1.76810e-06
9.91468e-06 5.11406e-06 2.77016e-06 2.03045e-06
7.33907e-06 3.97770e-06 1.77290e-06 1.58847e-06
1.15300e-05 4.11213e-06 4.82500e-06 2.59288e-06
1.21791e-05 3.26722e-06 5.10803e-06 3.80389e-06
1.50981e-05 5.33909e-06 5.34040e-06 4.41864e-06
1.30008e-05 4.39133e-06 4.67862e-06 3.93081e-06
1.37596e-05 3.23984e-06 6.48975e-06 4.02996e-06
1.10013e-05 3.74047e-06 4.68162e-06 2.57918e-06
8.48307e-06 3.67785e-06 2.99624e-06 1.80898e-06
9.32684e-06 5.75438e-06 2.28154e-06 1.29091e-06
8.41600e-06 4.42824e-06 2.92823e-06 1.05954e-06
7.73550e-06 4.21899e-06 2.62562e-06 8.90877e-07
6.85093e-06 4.05524e-06 1.68040e-06 1.11529e-06
7.63839e-06 3.68563e-06 2.77413e-06 1.17862e-06
8.60593e-06 4.37505e-06 3.36837e-06 8.62507e-07
8.08494e-06 3.45441e-06 3.88514e-06 7.45394e-07
1.06919e-05 4.17264e-06 5.14507e-06 1.37420e-06
1.05534e-05 4.27030e-06 4.26849e-06 2.01465e-06
8.75819e-06 3.15664e-06 3.86945e-06 1.73211e-06
6.60063e-06 2.38662e-06 3.10546e-06 1.10855e-06
5.47076e-06 1.68391e-06 2.97235e-06 8.14503e-07
5.51521e-06 1.34940e-06 2.07964e-06 2.08617e-06
5.10553e-06 9.82218e-07 1.63682e-06 2.48650e-06
4.75380e-06 1.35351e-06 1.32069e-06 2.07960e-06
5.20377e-06 2.20982e-06 1.37073e-06 1.62322e-06
5.88506e-06 1.72332e-06 1.12855e-06 3.03319e-06
7.23450e-06 1.37761e-06 2.77874e-06 3.07815e-06
1.13152e-05 1.55692e-06 2.31686e-06 7.44143e-06
1.10549e-05 3.02519e-06 2.15829e-06 5.87143e-06
1.18310e-05 2.89080e-06 1.86008e-06 7.08009e-06
1.18916e-05 2.58316e-06 3.40519e-06 5.90324e-06
1.18652e-05 3.39148e-06 3.43499e-06 5.03872e-06
1.49411e-05 4.90344e-06 3.69666e-06 6.34096e-06
1.38115e-05 4.07447e-06 3.20248e-06 6.53452e-06
1.24084e-05 3.70030e-06 2.62504e-06 6.08309e-06
2.18740e-05 8.39591e-06 2.20438e-06 1.12737e-05
2.92224e-05 1.68842e-05 3.77152e-06 8.56671e-06
3.04735e-05 1.38349e-05 4.49160e-06 1.21470e-05
1.95030e-05 8.85436e-06 2.87463e-06 7.77406e-06
1.24819e-05 5.66679e-06 1.83976e-06 4.97540e-06
1.20929e-05 5.75263e-06 3.15601e-06 3.18425e-06
1.66591e-05 7.74723e-06 6.51576e-06 2.39616e-06
1.51905e-05 7.74247e-06 5.26010e-06 2.18788e-06
1.39217e-05 6.11600e-06 4.61845e-06 3.18724e-06
1.38753e-05 4.16242e-06 3.40385e-06 6.30897e-06
1.22267e-05 4.52084e-06 2.36795e-06 5.33793e-06
1.34200e-05 8.26207e-06 1.51549e-06 3.64243e-06
2.30361e-05 1.88141e-05 1.09766e-06 3.12440e-06
3.41008e-05 2.45244e-05 3.63546e-06 5.94101e-06
2.83180e-05 1.87689e-05 2.72599e-06 6.82306e-06
3.15649e-05 2.09535e-05 4.30609e-06 6.30540e-06
2.68299e-05 1.88472e-05 3.18907e-06 4.79363e-06
2.96285e-05 2.21674e-05 3.49170e-06 3.96940e-06
2.32277e-05 1.56172e-05 3.04956e-06 4.56094e-06
2.49273e-05 1.82596e-05 2.13129e-06 4.53641e-06
2.78455e-05 1.67923e-05 1.51479e-06 9.53840e-06
2.92925e-05 1.47003e-05 1.52776e-06 1.30645e-05
2.53592e-05 1.54597e-05 1.53818e-06 8.36125e-06
2.29540e-05 1.10941e-05 5.64055e-06 6.21932e-06
2.51049e-05 1.11821e-05 9.18922e-06 4.73356e-06
1.91060e-05 8.18215e-06 6.50661e-06 4.41722e-06
2.33584e-05 1.42170e-05 4.96935e-06 4.17202e-06
2.42336e-05 1.55457e-05 5.81737e-06 2.87045e-06
2.05356e-05 1.11524e-05 6.22625e-06 3.15691e-06
3.52267e-05 2.58082e-05 7.22325e-06 2.19517e-06
4.93706e-05 3.72363e-05 4.89711e-06 7.23720e-06
4.74015e-05 3.59205e-05 5.75479e-06 5.72621e-06
4.90481e-05 3.71078e-05 4.98806e-06 6.95229e-06
3.48042e-05 2.43547e-05 3.42091e-06 7.02858e-06
3.11628e-05 1.97323e-05 3.68497e-06 7.74552e-06
2.89153e-05 1.68880e-05 2.97308e-06 9.05419e-06
2.41162e-05 1.24937e-05 4.28819e-06 7.33433e-06
2.00151e-05 8.70973e-06 3.64064e-06 7.66472e-06
2.82877e-05 9.62288e-06 4.37695e-06 1.42879e-05
3.24872e-05 1.03862e-05 6.20415e-06 1.58969e-05
3.62941e-05 1.31630e-05 6.87059e-06 1.62605e-05
4.37805e-05 1.61131e-05 1.39217e-05 1.37456e-05
4.35993e-05 1.86878e-05 1.26069e-05 1.23045e-05
4.66772e-05 2.08849e-05 1.20344e-05 1.37580e-05
4.91411e-05 2.96696e-05 9.93742e-06 9.53408e-06
6.42201e-05 4.01175e-05 1.57414e-05 8.36113e-06
5.21223e-05 3.37348e-05 1.21683e-05 6.21924e-06
5.71886e-05 3.75613e-05 1.25664e-05 7.06090e-06
6.36565e-05 4.07704e-05 1.33445e-05 9.54150e-06
6.67941e-05 4.59088e-05 1.21668e-05 8.71854e-06
4.61670e-05 3.14245e-05 8.87464e-06 5.86787e-06
3.86047e-05 2.47872e-05 9.07086e-06 4.74665e-06
3.48265e-05 2.11648e-05 1.04104e-05 3.25132e-06
3.27919e-05 1.54248e-05 1.47326e-05 2.63446e-06
2.95587e-05 1.75715e-05 9.42887e-06 2.55829e-06
5.26980e-05 3.61089e-05 1.07167e-05 5.87242e-06
5.94083e-05 4.11261e-05 1.05461e-05 7.73617e-06
3.90366e-05 2.63207e-05 7.76478e-06 4.95115e-06
2.49834e-05 1.68452e-05 4.96946e-06 3.16874e-06
2.85858e-05 1.38068e-05 1.04267e-05 4.35239e-06
3.12242e-05 1.07675e-05 1.28803e-05 7.57641e-06
2.58780e-05 7.21925e-06 1.26915e-05 5.96732e-06
2.34642e-05 5.74333e-06 8.85487e-06 8.86603e-06
1.60523e-05 4.42048e-06 5.66712e-06 5.96467e-06
1.63307e-05 3.96323e-06 5.20559e-06 7.16190e-06
1.47098e-05 3.61540e-06 5.13141e-06 5.96298e-06
1.10358e-05 2.70489e-06 3.51586e-06 4.81506e-06
8.27094e-06 1.89745e-06 3.29185e-06 3.08164e-06
9.51339e-06 1.65703e-06 4.06891e-06 3.78745e-06
1.10715e-05 1.19151e-06 6.86111e-06 3.01891e-06
1.09911e-05 2.41054e-06 6.11383e-06 2.46676e-06
1.21714e-05 2.80354e-06 7.12611e-06 2.24179e-06
1.20012e-05 1.96353e-06 4.83312e-06 5.20454e-06
1.19174e-05 2.41279e-06 3.31823e-06 6.18636e-06
1.41704e-05 2.21916e-06 2.50585e-06 9.44536e-06
1.25546e-05 1.42026e-06 1.76689e-06 9.36746e-06
1.37835e-05 2.46797e-06 3.07935e-06 8.23621e-06
2.19454e-05 1.08557e-05 2.33953e-06 8.75016e-06
2.51923e-05 1.49846e-05 2.76771e-06 7.43998e-06
4.48604e-05 3.52559e-05 3.13615e-06 6.46831e-06
3.20909e-05 2.37525e-05 2.00713e-06 6.33127e-06
3.57968e-05 2.63588e-05 2.28172e-06 7.15629e-06
4.44953e-05 3.55217e-05 2.71722e-06 6.25640e-06
4.52120e-05 3.82967e-05 2.66664e-06 4.24863e-06
3.42739e-05 2.96460e-05 1.70665e-06 2.92127e-06
2.60670e-05 2.11865e-05 1.68097e-06 3.19950e-06
2.29735e-05 1.90240e-05 1.35239e-06 2.59713e-06
1.98813e-05 1.39603e-05 1.11523e-06 4.80573e-06
2.07631e-05 1.21323e-05 4.15783e-06 4.47296e-06
3.30060e-05 2.38758e-05 5.39468e-06 3.73547e-06
3.20494e-05 2.16237e-05 7.84527e-06 2.58047e-06
2.39151e-05 1.52520e-05 6.85325e-06 1.80985e-06
2.18112e-05 1.17861e-05 6.10790e-06 3.91721e-06
2.10650e-05 1.05011e-05 4.96641e-06 5.59753e-06
2.16386e-05 1.07045e-05 6.12177e-06 4.81237e-06
2.43748e-05 1.12796e-05 7.82023e-06 5.27500e-06
2.01854e-05 8.24886e-06 6.83452e-06 5.10202e-06
4.00269e-05 5.56688e-06 2.00693e-05 1.43906e-05
4.83285e-05 4.29655e-06 2.99157e-05 1.41162e-05
4.28973e-05 7.00332e-06 2.19953e-05 1.38986e-05
6.51409e-05 8.16930e-06 4.49720e-05 1.19996e-05
7.32706e-05 6.10996e-06 5.91436e-05 8.01699e-06
9.32406e-05 8.79475e-06 7.40240e-05 1.04218e-05
0.000137469 1.73344e-05 9.92582e-05 2.08769e-05
0.000135116 3.22348e-05 6.96789e-05 3.32027e-05
0.000168644 4.41139e-05 8.56541e-05 3.88758e-05
0.000172987 3.44485e-05 0.000107291 3.12481e-05
0.000269557 8.13331e-05 0.000154626 3.35974e-05
0.000443750 0.000123333 0.000265567 5.48504e-05
0.000659007 0.000147807 0.000413232 9.79677e-05
0.00128605 0.000233610 0.000756989 0.000295447
0.00270428 0.000265803 0.00160904 0.000829440
0.00401324 0.000214578 0.00246905 0.00132961
0.00407021 0.000294242 0.00274423 0.00103174
0.00422070 0.000398416 0.00315577 0.000666515
0.00431645 0.000268979 0.00310828 0.000939190
0.00715967 0.000319545 0.00544143 0.00139869
0.00753517 0.000482183 0.00520554 0.00184744
0.0114624 0.000706688 0.00513705 0.00561870
0.0236434 0.000503566 0.00492255 0.0182173
0.0283101 0.000510040 0.00336567 0.0244344
0.0239199 0.000328661 0.00553264 0.0180586
0.0215149 0.000212138 0.00765199 0.0136508
0.0336236 0.000309083 0.0146302 0.0186842
0.0445201 0.000477252 0.0200982 0.0239446
0.0338802 0.00128300 0.0154320 0.0171652
0.0251036 0.00107943 0.0103697 0.0136544
0.0171167 0.000710454 0.00765616 0.00875008
0.0129175 0.000551546 0.00598357 0.00638242
0.00896184 0.000508739 0.00423650 0.00421660
0.00667418 0.000635449 0.00284385 0.00319488
0.00521599 0.000706993 0.00195106 0.00255794
0.00433689 0.000506548 0.00153927 0.00229106
0.00359405 0.000431992 0.00116639 0.00199567
0.00278010 0.000454591 0.000920455 0.00140505
0.00213932 0.000348293 0.000825637 0.000965392
0.00173182 0.000304927 0.000784866 0.000642023
0.00161335 0.000301593 0.000542533 0.000769226
0.00153243 0.000228865 0.000431430 0.000872135
0.00108038 0.000155580 0.000317230 0.000607567
0.000691442 9.95714e-05 0.000203027 0.000388843
0.000442523 6.37257e-05 0.000129938 0.000248860
0.000785049 0.000268667 0.000184467 0.000331914
0.00138068 0.000783806 0.000250620 0.000346257
0.00174682 0.00104589 0.000442027 0.000258898
0.00186120 0.000904310 0.000698878 0.000258010
0.00179904 0.000955585 0.000655961 0.000187495
0.00223700 0.00146345 0.000453966 0.000319584
0.00252144 0.00146871 0.000642217 0.000410508
0.00264063 0.000978226 0.00132694 0.000335464
0.00305910 0.000728867 0.00205737 0.000272865
0.00362948 0.000925950 0.00238705 0.000316479
0.00430319 0.00131499 0.00251486 0.000473343
0.00469527 0.00120782 0.00276296 0.000724483
0.00531505 0.000790273 0.00340977 0.00111501
0.00585675 0.000595552 0.00365020 0.00161100
0.00617452 0.000568642 0.00384844 0.00175744
0.00717773 0.00139096 0.00354735 0.00223942
0.00781352 0.00192331 0.00391178 0.00197844
0.00733544 0.00150945 0.00358091 0.00224507
0.00644296 0.00142515 0.00243229 0.00258552
0.00669201 0.00100774 0.00321938 0.00246490
0.00936806 0.000920307 0.00553989 0.00290786
0.0122964 0.000961054 0.00606808 0.00526725
0.0132650 0.000795093 0.00514756 0.00732231
0.0126922 0.000648239 0.00529019 0.00675375
0.0111465 0.000643679 0.00614079 0.00436207
0.00950170 0.000665285 0.00594198 0.00289443
0.00859242 0.000689298 0.00559564 0.00230748
0.00923159 0.000755600 0.00660588 0.00187011
0.0107790 0.000961447 0.00833467 0.00148291
0.0106520 0.000764336 0.00872364 0.00116401
0.0117767 0.000755714 0.00946439 0.00155661
0.0103689 0.000632113 0.00857455 0.00116222
0.00837339 0.000684648 0.00562829 0.00206046
0.00783377 0.000469750 0.00504343 0.00232059
0.00943390 0.00105428 0.00546270 0.00291692
0.0101431 0.00141273 0.00592573 0.00280462
0.00913635 0.00114489 0.00596505 0.00202640
0.00822652 0.00191351 0.00484151 0.00147150
0.00702141 0.00215483 0.00351026 0.00135631
0.00546084 0.00156378 0.00295662 0.000940432
0.00593965 0.00149585 0.00381807 0.000625737
0.00689946 0.00161145 0.00468054 0.000607471
0.00814045 0.00166645 0.00541518 0.00105881
0.00911784 0.00175741 0.00592476 0.00143567
0.00869544 0.00174830 0.00580038 0.00114676
0.00835819 0.00149288 0.00581630 0.00104901
0.00919307 0.00282420 0.00518562 0.00118325
0.00855789 0.00401813 0.00350976 0.00103000
0.00760129 0.00393029 0.00292898 0.000742020
0.00612864 0.00265988 0.00188545 0.00158331
0.00924709 0.00203295 0.00319766 0.00401648
0.00978691 0.00144756 0.00418096 0.00415839
0.00799476 0.00187343 0.00309417 0.00302716
0.00771570 0.00228893 0.00249686 0.00292992
0.00748575 0.00160027 0.00259198 0.00329350
0.00744874 0.00127949 0.00266287 0.00350638
0.00606463 0.000858215 0.00201852 0.00318789
0.00490517 0.00108958 0.00164274 0.00217285
0.00534231 0.00142661 0.00187476 0.00204095
0.00438688 0.00117174 0.00170580 0.00150935
0.00622958 0.00157405 0.00234039 0.00231514
0.0105740 0.00181026 0.00428738 0.00447635
0.00978069 0.00160721 0.00416198 0.00401151
0.00762050 0.00170354 0.00268968 0.00322729
0.00594875 0.00119461 0.00190329 0.00285085
0.00465256 0.00133995 0.00136255 0.00195005
0.00459623 0.00148595 0.00130992 0.00180036
0.00376225 0.000966305 0.00112089 0.00167505
0.00300995 0.00111084 0.000779257 0.00111986
0.00280343 0.00111110 0.000694577 0.000997746
0.00306123 0.00112785 0.000889270 0.00104411
0.00285991 0.00110820 0.000942959 0.000808755
0.00251494 0.00101247 0.000857330 0.000645137
0.00287064 0.00148121 0.000692504 0.000696933
0.00215594 0.00108982 0.000448511 0.000617611
0.00205173 0.000774530 0.000423867 0.000853335
0.00203299 0.000558045 0.000564611 0.000910334
0.00170205 0.000456621 0.000559818 0.000685606
0.00274840 0.000721069 0.00103624 0.000991095
0.00315418 0.000491133 0.00167799 0.000985055
0.00288819 0.000318720 0.00177544 0.000794027
0.00362791 0.000295318 0.00249253 0.000840061
0.00479730 0.000190705 0.00366709 0.000939509
0.00635265 0.000189476 0.00503349 0.00112969
0.00873541 0.000654690 0.00574603 0.00233469
0.00899467 0.00134776 0.00463201 0.00301489
0.00684224 0.00115190 0.00327330 0.00241705
0.00655992 0.000737214 0.00325141 0.00257130
0.00749513 0.000567446 0.00375373 0.00317396
0.00674258 0.000575881 0.00355652 0.00261018
0.00571618 0.000685218 0.00285466 0.00217630
0.00578053 0.00125702 0.00290181 0.00162170
0.00723712 0.00106438 0.00462198 0.00155076
0.00823987 0.000994431 0.00529134 0.00195410
0.00698038 0.000906405 0.00367015 0.00240382
0.00985044 0.000625581 0.00485952 0.00436534
0.0176030 0.000650544 0.00914279 0.00780971
0.0224167 0.000808444 0.0143072 0.00730105
0.0261086 0.000523039 0.0195128 0.00607281
0.0219480 0.000391178 0.0172227 0.00433411
0.0394853 0.000301596 0.0289573 0.0102264
0.0503594 0.000731577 0.0339364 0.0156914
0.0465682 0.000629839 0.0300228 0.0159156
0.0397094 0.00189082 0.0192843 0.0185342
0.0367020 0.00411954 0.0183724 0.0142101
0.0383364 0.00441107 0.0201998 0.0137255
0.0415761 0.00323760 0.0208801 0.0174584
0.0335078 0.00342098 0.0138471 0.0162397
0.0274175 0.00321878 0.0125417 0.0116570
0.0247150 0.00217943 0.0103092 0.0122264
0.0209525 0.00221891 0.00701263 0.0117209
0.0186661 0.00252837 0.00860506 0.00753272
0.0187309 0.00209057 0.0105311 0.00610922
0.0192687 0.00162775 0.0104598 0.00718116
0.0162439 0.00181917 0.00774017 0.00668454
0.0129508 0.00155980 0.00622016 0.00517082
0.00925633 0.00113537 0.00418166 0.00393930
0.00734723 0.000760312 0.00297691 0.00361001
0.00802322 0.000641719 0.00202785 0.00535365
0.00845780 0.000641604 0.00183839 0.00597781
0.00856963 0.000946348 0.00322659 0.00439669
0.0113926 0.00183960 0.00456533 0.00498767
0.0110453 0.00274655 0.00420744 0.00409129
0.0100930 0.00209352 0.00441880 0.00358069
0.0106058 0.00225373 0.00521633 0.00313573
0.00994957 0.00248366 0.00398438 0.00348153
0.00936231 0.00203011 0.00317454 0.00415767
0.00886272 0.00130372 0.00259924 0.00495976
0.00964015 0.000933496 0.00240297 0.00630368
0.00807401 0.000697952 0.00155769 0.00581837
0.00581107 0.000492170 0.00132597 0.00399294
0.00661419 0.000935968 0.00158534 0.00409288
0.00653694 0.00161790 0.00133716 0.00358188
0.00667879 0.00118349 0.00190510 0.00359021
0.00757141 0.00144085 0.00263405 0.00349650
0.00762093 0.00167001 0.00296441 0.00298651
0.00692767 0.00134286 0.00303847 0.00254633
0.00616138 0.00125967 0.00273862 0.00216309
0.00580678 0.00146496 0.00218726 0.00215456
0.00617309 0.00155153 0.00173270 0.00288886
0.00639934 0.00124459 0.00117261 0.00398213
0.00677991 0.000864151 0.000839034 0.00507672
0.00669874 0.000816891 0.000612277 0.00526957
0.00575132 0.000574882 0.000419708 0.00475673
0.00498856 0.000596863 0.000369326 0.00402237
0.00364025 0.000442127 0.000322250 0.00287587
0.00283032 0.000339560 0.000253842 0.00223692
0.00297653 0.000461105 0.000256460 0.00225896
0.00268575 0.000441323 0.000294069 0.00195036
0.00199848 0.000366835 0.000261471 0.00137017
0.00209624 0.000266032 0.000437587 0.00139262
0.00187525 0.000248559 0.000420502 0.00120618
0.00147382 0.000227494 0.000392003 0.000854326
0.00152638 0.000258586 0.000367510 0.000900283
0.00185039 0.000360184 0.000387043 0.00110316
0.00206459 0.000331566 0.000533272 0.00119975
0.00194876 0.000283997 0.000555327 0.00110944
0.00176957 0.000328103 0.000362555 0.00107891
0.00179588 0.000269137 0.000400387 0.00112636
0.00133406 0.000207972 0.000298074 0.000828017
0.00129641 0.000189345 0.000362095 0.000744973
0.00106210 0.000195234 0.000282051 0.000584818
0.000919959 0.000196531 0.000228995 0.000494433
0.00108220 0.000249174 0.000192265 0.000640761
0.00120651 0.000283173 0.000165193 0.000758143
0.000888439 0.000205257 0.000157376 0.000525806
0.000745112 0.000204556 0.000112395 0.000428160
0.000705433 0.000282737 0.000136584 0.000286111
0.000709640 0.000269492 0.000148304 0.000291844
0.000710793 0.000210008 0.000150224 0.000350561
0.000735365 0.000153665 0.000153321 0.000428378
0.000742552 0.000142921 0.000124611 0.000475019
0.000736724 0.000161636 0.000129543 0.000445545
0.000655161 0.000174162 8.99176e-05 0.000391082
0.000605102 0.000171340 0.000105858 0.000327903
0.000563755 0.000127117 0.000153249 0.000283389
0.000523386 8.58723e-05 0.000183577 0.000253936
0.000548648 5.86820e-05 0.000263892 0.000226075
0.000492757 6.46872e-05 0.000236676 0.000191394
0.000576027 0.000143820 0.000227196 0.000205012
0.00110543 0.000289168 0.000203299 0.000612960
0.00144207 0.000301758 0.000160370 0.000979939
0.00131369 0.000273987 0.000312353 0.000727352
0.00166743 0.000317272 0.000364974 0.000985183
0.00216474 0.000358849 0.000339524 0.00146637
0.00191380 0.000408800 0.000244012 0.00126099
0.00163037 0.000345351 0.000205048 0.00107997
0.00132654 0.000222864 0.000158432 0.000945247
0.000966199 0.000154678 0.000152087 0.000659433
0.000762897 0.000112974 0.000103636 0.000546287
0.000645982 8.89156e-05 6.73546e-05 0.000489712
0.000694916 9.41896e-05 4.64715e-05 0.000554255
0.000731083 0.000115101 5.66680e-05 0.000559314
0.000589816 9.39822e-05 5.11745e-05 0.000444659
0.000437037 7.11474e-05 7.31257e-05 0.000292764
0.000321649 5.06725e-05 6.15717e-05 0.000209405
0.000385233 6.46669e-05 8.06432e-05 0.000239923
0.000425440 0.000113057 6.20236e-05 0.000250360
0.000467823 0.000153686 6.29582e-05 0.000251179
0.000491936 0.000151934 6.47181e-05 0.000275284
0.000410372 0.000103423 0.000109380 0.000197568
0.000358995 0.000107310 0.000121147 0.000130538
0.000318535 8.95039e-05 8.43177e-05 0.000144713
0.000291975 6.60049e-05 5.39633e-05 0.000172007
0.000300715 5.60642e-05 4.23194e-05 0.000202331
0.000351026 5.58349e-05 4.25654e-05 0.000252625
0.000313594 5.02605e-05 3.64393e-05 0.000226895
0.000467601 3.65072e-05 5.96061e-05 0.000371487
0.000879375 2.64451e-05 8.56783e-05 0.000767252
0.000996395 2.41753e-05 5.86208e-05 0.000913599
0.00114924 3.34803e-05 4.06604e-05 0.00107510
0.00107821 3.15518e-05 3.35545e-05 0.00101310
0.00137150 3.57110e-05 5.29109e-05 0.00128287
0.00163237 3.92238e-05 7.15560e-05 0.00152159
0.00192657 5.41272e-05 0.000115071 0.00175738
0.00286488 0.000111922 0.000213619 0.00253934
0.00333325 0.000168267 0.000296658 0.00286833
0.00352706 0.000110270 0.000351357 0.00306543
0.00335799 0.000194853 0.000268252 0.00289488
0.00330253 0.000290163 0.000455253 0.00255711
0.00268341 0.000255173 0.000502296 0.00192594
0.00323866 0.000392822 0.000844182 0.00200165
0.00450531 0.000662396 0.00130077 0.00254214
0.00432988 0.000584267 0.00113944 0.00260618
0.00499469 0.000446404 0.00129547 0.00325282
0.00466516 0.000322292 0.00119555 0.00314732
0.00328989 0.000321986 0.000899221 0.00206868
0.00257042 0.000465733 0.000682603 0.00142208
0.00203474 0.000437161 0.000643334 0.000954241
0.00224551 0.000561945 0.000713018 0.000970551
0.00269760 0.000882696 0.000785372 0.00102953
0.00275606 0.000863662 0.000709202 0.00118319
0.00366832 0.000618476 0.000983536 0.00206631
0.00419188 0.000793600 0.00102018 0.00237811
0.00377917 0.00104693 0.000752835 0.00197941
0.00284691 0.000980924 0.000586272 0.00127971
0.00230133 0.000643361 0.000523964 0.00113400
0.00197553 0.000452829 0.000436361 0.00108634
0.00141724 0.000289810 0.000302858 0.000824572
0.00129498 0.000258868 0.000319769 0.000716348
0.00130277 0.000250775 0.000354613 0.000697386
0.000954932 0.000163641 0.000234591 0.000556701
0.000966043 0.000167732 0.000237032 0.000561279
0.000730549 0.000167825 0.000170849 0.000391875
0.00102105 0.000161559 0.000267816 0.000591676
0.00200315 0.000304709 0.000344489 0.00135396
0.00434022 0.000803969 0.000495736 0.00304051
0.00781869 0.00140666 0.000688255 0.00572378
0.0103447 0.00170619 0.00101516 0.00762339
0.0112613 0.00166175 0.00145336 0.00814620
0.0105539 0.00119632 0.00206641 0.00729113
0.00940769 0.000965160 0.00227338 0.00616914
0.00800146 0.000703368 0.00153762 0.00576047
0.00629957 0.000687450 0.00140377 0.00420835
0.00526595 0.000713900 0.000898411 0.00365364
0.00474648 0.000551071 0.00104578 0.00314964
0.00568508 0.00117520 0.00162123 0.00288865
0.00770184 0.00237475 0.00260152 0.00272557
0.00908426 0.00375521 0.00303985 0.00228919
0.0116494 0.00543568 0.00345930 0.00275444
0.0137604 0.00597896 0.00490804 0.00287341
0.0141614 0.00416213 0.00684907 0.00315019
0.0150685 0.00420266 0.00848302 0.00238281
0.0186159 0.00617852 0.00997861 0.00245874
0.0229519 0.00874502 0.0107482 0.00345874
0.0234551 0.00928628 0.00970750 0.00446135
0.0188647 0.00785724 0.00723247 0.00377497
0.0151362 0.00678973 0.00550488 0.00284155
0.0154546 0.00664953 0.00624564 0.00255944
0.0165594 0.00534957 0.00855878 0.00265109
0.0161023 0.00382512 0.00986869 0.00240852
0.0153054 0.00397717 0.00968103 0.00164720
0.0164603 0.00621898 0.00910747 0.00113384
0.0181634 0.00862219 0.00852142 0.00101980
0.0164465 0.00837501 0.00734941 0.000722092
0.0132152 0.00609820 0.00659616 0.000520831
0.0118818 0.00420158 0.00692244 0.000757772
0.0115001 0.00327511 0.00715719 0.00106778
0.0111760 0.00231647 0.00736938 0.00149013
0.0111306 0.00151602 0.00777236 0.00184222
0.00950322 0.00102091 0.00710546 0.00137685
0.00831892 0.000941709 0.00648168 0.000895537
0.00996143 0.000925183 0.00748777 0.00154848
0.0124975 0.000634943 0.00882234 0.00304018
0.0128332 0.000706565 0.00861258 0.00351410
0.00969431 0.000706296 0.00657629 0.00241173
0.00727232 0.000560247 0.00462647 0.00208560
0.00566833 0.000684415 0.00351853 0.00146539
0.00414517 0.000691795 0.00230587 0.00114751
0.00300929 0.000515702 0.00169589 0.000797704
0.00283401 0.000454411 0.00141347 0.000966131
0.00378047 0.000383596 0.00164112 0.00175576
0.00263812 0.000285733 0.00116320 0.00118918
0.00384142 0.000550651 0.00152890 0.00176187
0.00389539 0.000718310 0.00153176 0.00164532
0.00355262 0.000890434 0.000996137 0.00166605
0.00383359 0.00119413 0.000679458 0.00195999
0.00377382 0.000784871 0.000860747 0.00212820
0.00423384 0.000619151 0.00115379 0.00246090
0.00341940 0.000525892 0.000815490 0.00207801
0.00319997 0.000483542 0.000602335 0.00211409
0.00379629 0.000615901 0.000808472 0.00237191
0.00429088 0.000791267 0.00122525 0.00227437
0.00425808 0.000611418 0.000784158 0.00286251
0.00433938 0.000418645 0.000985361 0.00293537
0.00405543 0.000336536 0.00131772 0.00240117
0.00431883 0.000220855 0.00161833 0.00247964
0.00500998 0.000235543 0.00192490 0.00284954
0.00511033 0.000179281 0.00180759 0.00312346
0.00473497 0.000170523 0.00137120 0.00319325
0.00405547 0.000203797 0.00100078 0.00285090
0.00307163 0.000168080 0.000774077 0.00212948
0.00240768 0.000141981 0.000544117 0.00172158
0.00217942 0.000176883 0.000511704 0.00149083
0.00178619 0.000262375 0.000345943 0.00117788
0.00139053 0.000199708 0.000240504 0.000950315
0.00214139 0.000176403 0.000276151 0.00168883
0.00344480 0.000136311 0.000507774 0.00280072
0.00354291 0.000316877 0.00112575 0.00210028
0.00520543 0.000658746 0.00282119 0.00172549
0.00632891 0.000636374 0.00411865 0.00157389
0.00671062 0.000518701 0.00497194 0.00121998
0.00646715 0.000385747 0.00491567 0.00116573
0.00585442 0.000554867 0.00400914 0.00129042
0.00544321 0.000776244 0.00381670 0.000850263
0.00484243 0.000721407 0.00320231 0.000918709
0.00594492 0.00105898 0.00309605 0.00178990
0.00854577 0.00114346 0.00336719 0.00403513
0.0107414 0.000908415 0.00459582 0.00523720
0.0140818 0.000808549 0.00923427 0.00403902
0.0211111 0.000928283 0.0155835 0.00459929
0.0241420 0.000834200 0.0183788 0.00492896
0.0221434 0.000748971 0.0166269 0.00476753
0.0146650 0.000649018 0.0108236 0.00319247
0.0125990 0.00122189 0.00821668 0.00316041
0.0113229 0.00277388 0.00644980 0.00209918
0.0112496 0.00371738 0.00593992 0.00159233
0.00999830 0.00339737 0.00492873 0.00167220
0.00981277 0.00219742 0.00466419 0.00295116
0.0107645 0.00146721 0.00561568 0.00368157
0.0118334 0.000961860 0.00826964 0.00260190
0.0146893 0.000929813 0.0113295 0.00242997
0.0130658 0.00116215 0.00997202 0.00193165
0.0109605 0.00107784 0.00746926 0.00241337
0.0104858 0.000825681 0.00753458 0.00212549
0.0126025 0.00102824 0.00923365 0.00234062
0.0126740 0.00108507 0.00903231 0.00255659
0.00993640 0.000767898 0.00651974 0.00264876
0.0103408 0.000761952 0.00479517 0.00478371
0.0128601 0.00101382 0.00456861 0.00727769
0.0145696 0.00128949 0.00575834 0.00752172
0.0179933 0.00112525 0.00951399 0.00735405
0.0254122 0.00138467 0.0130355 0.0109920
0.0219054 0.00218001 0.00934724 0.0103781
0.0187809 0.00247664 0.00905024 0.00725402
0.0154668 0.00181933 0.00828149 0.00536602
0.0119446 0.00220024 0.00614596 0.00359844
0.0105153 0.00199714 0.00520492 0.00331325
0.00977003 0.00142804 0.00460168 0.00374031
0.00792461 0.00141231 0.00306915 0.00344314
0.00773977 0.00111553 0.00340314 0.00322109
0.0107122 0.000809338 0.00413851 0.00576436
0.0110063 0.000523614 0.00294778 0.00753491
0.00964474 0.000351127 0.00358080 0.00571281
0.00881703 0.000368266 0.00393987 0.00450890
0.00910406 0.000523800 0.00362507 0.00495519
0.00997041 0.000928766 0.00317396 0.00586768
0.00949486 0.00119940 0.00233056 0.00596489
0.00744063 0.000795237 0.00165608 0.00498931
0.00688947 0.000840002 0.00144107 0.00460840
0.00580041 0.000801578 0.00104037 0.00395846
0.00489183 0.000567541 0.00117575 0.00314855
0.00455813 0.000561232 0.000762858 0.00323404
0.00439780 0.00102293 0.000708700 0.00266617
0.00420941 0.00152972 0.000820887 0.00185881
0.00464312 0.00138518 0.00141593 0.00184201
0.00491587 0.000901288 0.00196879 0.00204580
0.00430932 0.000748137 0.00182544 0.00173574
0.00444652 0.000916924 0.00165276 0.00187683
0.00524436 0.00132430 0.00135868 0.00256138
0.00630688 0.00183381 0.000895695 0.00357737
0.00749534 0.00212099 0.000591445 0.00478290
0.00823901 0.00186129 0.000421245 0.00595647
0.00839438 0.00131806 0.000308030 0.00676828
0.00839719 0.000958434 0.000261718 0.00717704
0.00766609 0.000715195 0.000170769 0.00678012
0.00610784 0.000537567 0.000129894 0.00544038
0.00478375 0.000439194 9.25544e-05 0.00425201
0.00380540 0.000442129 0.000130070 0.00323320
0.00379888 0.000590209 0.000110390 0.00309828
0.00322030 0.000671844 7.17102e-05 0.00247674
0.00222985 0.000576439 6.35011e-05 0.00158991
0.00165822 0.000480691 0.000105514 0.00107202
0.00142845 0.000352497 8.04937e-05 0.000995458
0.00102205 0.000260227 5.61260e-05 0.000705701
0.000715940 0.000172982 4.13880e-05 0.000501570
0.000512154 0.000114642 3.19169e-05 0.000365595
0.000458739 0.000120434 5.39939e-05 0.000284312
0.000382189 0.000111733 5.45670e-05 0.000215889
0.000421443 9.87736e-05 4.60977e-05 0.000276572
0.000435431 0.000144644 7.67884e-05 0.000213999
0.000482890 0.000167868 0.000117602 0.000197420
0.000461436 0.000128896 9.74129e-05 0.000235127
0.000417751 0.000106456 0.000134659 0.000176636
0.000396795 6.91552e-05 0.000152850 0.000174790
0.000327890 8.32307e-05 0.000101590 0.000143069
0.000378681 0.000168486 0.000118631 9.15644e-05
0.000399083 0.000231079 8.84506e-05 7.95534e-05
0.000306465 0.000158592 7.93284e-05 6.85444e-05
0.000336054 0.000130721 0.000134281 7.10518e-05
0.000281607 0.000105233 0.000104310 7.20645e-05
0.000315813 9.26809e-05 0.000129416 9.37159e-05
0.000281142 9.24707e-05 0.000100877 8.77944e-05
0.000326316 0.000107092 0.000112615 0.000106608
0.000427032 0.000129202 0.000182736 0.000115094
0.000460562 0.000100395 0.000250993 0.000109174
0.000489226 7.56054e-05 0.000283000 0.000130620
0.000463757 9.59808e-05 0.000253109 0.000114667
0.000419547 0.000123449 0.000183457 0.000112642
0.000287194 9.39244e-05 0.000120153 7.31167e-05
0.000215452 7.74938e-05 8.95022e-05 4.84563e-05
0.000167900 5.31365e-05 6.21376e-05 5.26256e-05
0.000187185 5.43985e-05 4.30022e-05 8.97846e-05
0.000261124 4.16831e-05 2.95354e-05 0.000189906
0.000269090 3.56153e-05 8.09814e-05 0.000152494
0.000317990 5.24843e-05 0.000134537 0.000130969
0.000304948 6.13668e-05 0.000107075 0.000136506
0.000261434 4.40565e-05 8.61893e-05 0.000131189
0.000328503 5.13049e-05 0.000164674 0.000112524
0.000402368 5.75009e-05 0.000230089 0.000114778
0.000275791 4.06424e-05 0.000148786 8.63621e-05
0.000195620 2.66449e-05 0.000101455 6.75199e-05
0.000189414 4.19424e-05 0.000102661 4.48101e-05
0.000242548 0.000106233 8.41675e-05 5.21475e-05
0.000270934 0.000131262 7.06938e-05 6.89783e-05
0.000280542 0.000113375 9.37125e-05 7.34542e-05
0.000301623 0.000146414 0.000106532 4.86761e-05
0.000297593 0.000161450 9.17210e-05 4.44223e-05
0.000240916 0.000114937 9.35673e-05 3.24123e-05
0.000330530 0.000152372 0.000144300 3.38570e-05
0.000485772 0.000198097 0.000246707 4.09682e-05
0.000627632 0.000244752 0.000329771 5.31090e-05
0.000778906 0.000368084 0.000363024 4.77980e-05
0.00101027 0.000537854 0.000418590 5.38284e-05
0.000879501 0.000346522 0.000476808 5.61711e-05
0.000893263 0.000441257 0.000384387 6.76188e-05
0.000955009 0.000508430 0.000315376 0.000131203
0.00102312 0.000480902 0.000389599 0.000152619
0.000847893 0.000338861 0.000390080 0.000118951
0.00102447 0.000360539 0.000474000 0.000189935
0.00311910 0.00121308 0.000829090 0.00107692
0.00613219 0.00220979 0.00317510 0.000747298
0.0118974 0.00185257 0.00666831 0.00337651
0.00939425 0.00143577 0.00518261 0.00277586
0.0110234 0.00112391 0.00504713 0.00485238
0.00941307 0.000801001 0.00530893 0.00330314
0.00911161 0.000802209 0.00416998 0.00413942
0.0103881 0.00124743 0.00516050 0.00398017
0.0111791 0.00177669 0.00598986 0.00341252
0.00971463 0.00203815 0.00546425 0.00221224
0.00808926 0.00179388 0.00458973 0.00170565
0.00610095 0.00119886 0.00356758 0.00133452
0.00494099 0.000822985 0.00299180 0.00112621
0.00352029 0.000543856 0.00219967 0.000776766
0.00280955 0.000410560 0.00146977 0.000929223
0.00238115 0.000506662 0.00108044 0.000794051
0.00202869 0.000802073 0.000704765 0.000521854
0.00196078 0.00105872 0.000506026 0.000396034
0.00170275 0.000993943 0.000390297 0.000318507
0.00132754 0.000677267 0.000375874 0.000274395
0.00130090 0.000699045 0.000343250 0.000258603
0.00131959 0.000837123 0.000256507 0.000225961
0.00138261 0.00103050 0.000167402 0.000184707
0.00137226 0.00110738 0.000121928 0.000142948
0.00104892 0.000864417 8.71712e-05 9.73354e-05
0.000827312 0.000656413 6.35543e-05 0.000107345
0.000934940 0.000714707 9.79613e-05 0.000122272
0.00102459 0.000766543 7.30437e-05 0.000185005
0.000897236 0.000606121 4.84828e-05 0.000242632
0.000805455 0.000432943 9.44543e-05 0.000278058
0.00106829 0.000463313 0.000104578 0.000500397
0.00117046 0.000466758 0.000102608 0.000601097
0.00100624 0.000352157 0.000139525 0.000514557
0.000770027 0.000254053 0.000146157 0.000369816
0.000670536 0.000195619 0.000132122 0.000342795
0.000725323 0.000160562 0.000107948 0.000456814
0.00100465 0.000184837 0.000121321 0.000698494
0.00136768 0.000205488 0.000166338 0.000995859
0.00135726 0.000202977 0.000188017 0.000966269
0.00118672 0.000185528 0.000144915 0.000856279
0.00100169 0.000122810 0.000109152 0.000769727
0.000950782 0.000105802 9.24511e-05 0.000752529
0.000932187 7.82587e-05 6.51131e-05 0.000788816
0.000982553 7.11626e-05 5.10771e-05 0.000860314
0.00120651 0.000115840 3.86920e-05 0.00105198
0.00146200 0.000153204 5.14967e-05 0.00125730
0.00144565 0.000111966 7.12950e-05 0.00126239
0.00150431 8.70437e-05 8.13186e-05 0.00133595
0.00189472 5.66337e-05 7.39074e-05 0.00176418
0.00205778 5.53664e-05 7.03260e-05 0.00193209
0.00219358 4.31685e-05 6.75249e-05 0.00208289
0.00258792 5.23087e-05 0.000101884 0.00243373
0.00285706 5.83500e-05 0.000127252 0.00267146
0.00282570 7.15340e-05 8.72121e-05 0.00266695
0.00256013 8.64583e-05 7.07923e-05 0.00240288
0.00218781 9.33529e-05 6.99777e-05 0.00202448
0.00188185 7.49248e-05 0.000131542 0.00167539
0.00167308 5.78219e-05 0.000208950 0.00140630
0.00156899 4.91348e-05 0.000256857 0.00126300
0.00125786 3.57394e-05 0.000244918 0.000977199
0.00104843 3.47421e-05 0.000218527 0.000795159
0.00106300 3.04510e-05 0.000263281 0.000769272
0.00107239 5.44494e-05 0.000361561 0.000656375
0.00133401 5.45438e-05 0.000644868 0.000634596
0.00163779 4.84164e-05 0.000941655 0.000647715
0.00201060 6.55878e-05 0.00107061 0.000874401
0.00226869 9.03458e-05 0.00100935 0.00116900
0.00240016 0.000100252 0.000714820 0.00158509
0.00317573 7.02349e-05 0.000826153 0.00227934
0.00413758 5.82303e-05 0.00146443 0.00261491
0.00494078 6.13704e-05 0.00238555 0.00249385
0.00457868 6.10131e-05 0.00251363 0.00200404
0.00339259 6.86725e-05 0.00199785 0.00132606
0.00273825 0.000105539 0.00142651 0.00120620
0.00217130 0.000140714 0.00101440 0.00101619
0.00188680 0.000175750 0.00100105 0.000710004
0.00178713 0.000166170 0.00110014 0.000520827
0.00177707 0.000107627 0.00130692 0.000362517
0.00154666 0.000109432 0.00116112 0.000276106
0.00120195 0.000193962 0.000813233 0.000194751
0.00124273 0.000165658 0.000891231 0.000185840
0.00192338 0.000179147 0.00136579 0.000378449
0.00288319 0.000344137 0.00191034 0.000628709
0.00316526 0.000229508 0.00243638 0.000499376
0.00356629 0.000190084 0.00261283 0.000763374
0.00460991 0.000125775 0.00304963 0.00143451
0.00546030 9.92033e-05 0.00395760 0.00140350
0.00536364 7.47776e-05 0.00420512 0.00108374
0.00453596 5.58569e-05 0.00345644 0.00102366
0.00349392 6.03725e-05 0.00258749 0.000846063
0.00250578 6.61047e-05 0.00186694 0.000572735
0.00160370 4.23070e-05 0.00119484 0.000366551
0.00299096 0.000133740 0.00253448 0.000322743
0.00583780 0.000241833 0.00513219 0.000463776
0.00498315 0.000156314 0.00435407 0.000472763
0.00497846 0.000186207 0.00437099 0.000421264
0.00497875 0.000212003 0.00438455 0.000382202
0.00655820 0.000151970 0.00579169 0.000614537
0.00977778 0.000161365 0.00848632 0.00113010
0.00976842 0.000270987 0.00835797 0.00113946
0.00964462 0.000278541 0.00861388 0.000752193
0.00839020 0.000191703 0.00750496 0.000693546
0.00683285 0.000239054 0.00575198 0.000841822
0.00581108 0.000586930 0.00423453 0.000989622
0.00595184 0.00141840 0.00368081 0.000852627
0.00767969 0.00244015 0.00439048 0.000849064
0.00827118 0.00295286 0.00470548 0.000612844
0.00730307 0.00201534 0.00415136 0.00113636
0.00771142 0.00198561 0.00391967 0.00180614
0.00773290 0.00167261 0.00410911 0.00195118
0.00738391 0.00110715 0.00494586 0.00133090
0.00793226 0.00119618 0.00582352 0.000912555
0.00826978 0.00209998 0.00540149 0.000768311
0.00859804 0.00331024 0.00475800 0.000529805
0.00798681 0.00359080 0.00393445 0.000461563
0.00573562 0.00235171 0.00287020 0.000513707
0.00528587 0.00275038 0.00219793 0.000337562
0.00571531 0.00373324 0.00159656 0.000385510
0.00551222 0.00347472 0.00162613 0.000411379
0.00504045 0.00234782 0.00241750 0.000275134
0.00464832 0.00192628 0.00250197 0.000220073
0.00381769 0.00139850 0.00219062 0.000228569
0.00332737 0.000993695 0.00205779 0.000275877
0.00270822 0.000667495 0.00158986 0.000450865
0.00271089 0.000612303 0.00122788 0.000870708
0.00343591 0.000587693 0.00122568 0.00162253
0.00302623 0.000692258 0.000966444 0.00136752
0.00327945 0.00109504 0.000955068 0.00122934
0.00394221 0.00138526 0.00112801 0.00142895
0.00327490 0.00120091 0.000798145 0.00127585
0.00291328 0.00103093 0.000630781 0.00125156
0.00264905 0.00106701 0.000416427 0.00116561
0.00241613 0.00116274 0.000333929 0.000919462
0.00229714 0.00103017 0.000302224 0.000964744
0.00306208 0.000688161 0.000532891 0.00184103
0.00389335 0.000453479 0.000683079 0.00275679
0.00337129 0.000354457 0.000539830 0.00247700
0.00275144 0.000257594 0.000474934 0.00201891
0.00249817 0.000359248 0.000392945 0.00174598
0.00188092 0.000367770 0.000375512 0.00113764
0.00173297 0.000341937 0.000383692 0.00100734
0.00178979 0.000358383 0.000375540 0.00105587
0.00219321 0.000436321 0.000453081 0.00130381
0.00227014 0.000561183 0.000338978 0.00136998
0.00197409 0.000405009 0.000282350 0.00128673
0.00210909 0.000414578 0.000206941 0.00148757
0.00209670 0.000399777 0.000214654 0.00148227
0.00187946 0.000412845 0.000137379 0.00132923
0.00198648 0.000336893 0.000231714 0.00141787
0.00245374 0.000309280 0.000466815 0.00167765
0.00267368 0.000445610 0.000647998 0.00158007
0.00251015 0.000719882 0.000523441 0.00126682
0.00256910 0.000740275 0.000417798 0.00141103
0.00230919 0.000520583 0.000363087 0.00142552
0.00237273 0.000442351 0.000255940 0.00167444
0.00271162 0.000326195 0.000215624 0.00216980
0.00281350 0.000390453 0.000486443 0.00193661
0.00602517 0.000765377 0.00237115 0.00288864
0.0123254 0.00108912 0.00603324 0.00520303
0.0101210 0.000730026 0.00606106 0.00332994
0.00905990 0.00162136 0.00516043 0.00227811
0.00899466 0.00211461 0.00444164 0.00243841
0.00575658 0.00135335 0.00284265 0.00156058
0.00846515 0.00157958 0.00361523 0.00327034
0.0142734 0.00142309 0.00687619 0.00597414
0.0160559 0.00145511 0.0104892 0.00411157
0.0183921 0.00229752 0.0119136 0.00418103
0.0272585 0.00391314 0.0142955 0.00904980
0.0299685 0.00365051 0.0142588 0.0120592
0.0301155 0.00791607 0.0115364 0.0106630
0.0310323 0.0111726 0.00863095 0.0112288
0.0230952 0.00822186 0.00627660 0.00859674
0.0243229 0.00804758 0.00738650 0.00888882
0.0244087 0.00841155 0.00929523 0.00670196
0.0242651 0.00785454 0.0103057 0.00610487
0.0268364 0.0109455 0.0115669 0.00432406
0.0253669 0.0133264 0.00766469 0.00437586
0.0218658 0.0114070 0.00542935 0.00502951
0.0175669 0.00758818 0.00551808 0.00446064
0.0192083 0.00779288 0.00855412 0.00286125
0.0256917 0.0103024 0.0134217 0.00196760
0.0283025 0.0101686 0.0165145 0.00161939
0.0242181 0.00700534 0.0160030 0.00120977
0.0199645 0.00606677 0.0129873 0.000910414
0.0158322 0.00566720 0.00922986 0.000935105
0.0104617 0.00367177 0.00593613 0.000853757
0.00909585 0.00341280 0.00465626 0.00102679
0.00729976 0.00342589 0.00318233 0.000691535
0.00595367 0.00309762 0.00238516 0.000470882
0.00555938 0.00211099 0.00215523 0.00129316
0.00550122 0.00200569 0.00143594 0.00205959
0.00505528 0.00173847 0.00173296 0.00158385
0.00455902 0.00160701 0.00140733 0.00154468
0.00548910 0.00202297 0.00117981 0.00228632
0.00559530 0.00195873 0.000840261 0.00279631
0.00414113 0.00138362 0.000906238 0.00185128
0.00403020 0.00109512 0.00116552 0.00176956
0.00343355 0.00127719 0.000962253 0.00119411
0.00335570 0.00147531 0.000951736 0.000928660
0.00281667 0.00130772 0.000878865 0.000630085
0.00207211 0.000902499 0.000741821 0.000427793
0.00177095 0.000689408 0.000672754 0.000408789
0.00233736 0.000449039 0.00124393 0.000644393
0.00285129 0.000330789 0.00140289 0.00111762
0.00265242 0.000306756 0.00110858 0.00123708
0.00292387 0.000366243 0.000909394 0.00164823
0.00306726 0.000356906 0.000792288 0.00191806
0.00239669 0.000230290 0.000786762 0.00137963
0.00261716 0.000202778 0.000964132 0.00145024
0.00195014 0.000190456 0.000741411 0.00101827
0.00200446 0.000265361 0.000732399 0.00100670
0.00171485 0.000373697 0.000568833 0.000772324
0.00178209 0.000346505 0.000599547 0.000836042
0.00185829 0.000272165 0.000679256 0.000906872
0.00177225 0.000335764 0.000593890 0.000842600
0.00184690 0.000379323 0.000598359 0.000869218
0.00245759 0.000328082 0.000808356 0.00132115
0.00336074 0.000273190 0.000983221 0.00210433
0.00302892 0.000221719 0.000677451 0.00212975
0.00232972 0.000179409 0.000468265 0.00168205
0.00200697 0.000209750 0.000354195 0.00144302
0.00228462 0.000263025 0.000390859 0.00163073
0.00227300 0.000218017 0.000331407 0.00172357
0.00195794 0.000193547 0.000234638 0.00152975
0.00192799 0.000229339 0.000256820 0.00144183
0.00180279 0.000158993 0.000239023 0.00140478
0.00140641 0.000171965 0.000189093 0.00104535
0.00131649 0.000208610 0.000162839 0.000945039
0.00125603 0.000186444 0.000183330 0.000886259
0.00153463 0.000137509 0.000158556 0.00123856
0.00256340 0.000161698 0.000147568 0.00225413
0.00273042 0.000210131 0.000160588 0.00235970
0.00289235 0.000169446 0.000312598 0.00241030
0.00414024 0.00165950 0.000210873 0.00226987
0.00657716 0.00319809 0.000429778 0.00294930
0.00709051 0.00315535 0.000277146 0.00365802
0.00733096 0.00376574 0.000296362 0.00326886
0.00709501 0.00350710 0.000332508 0.00325540
0.00718347 0.00332816 0.000465037 0.00339027
0.00641396 0.00306408 0.000383274 0.00296661
0.00507060 0.00245961 0.000269490 0.00234149
0.00423254 0.00222296 0.000248782 0.00176079
0.00366254 0.00197034 0.000340909 0.00135129
0.00248876 0.00126541 0.000300953 0.000922399
0.00213965 0.00104245 0.000364632 0.000732561
0.00182133 0.000749313 0.000546835 0.000525181
0.00148601 0.000564139 0.000572383 0.000349489
0.00157535 0.000501669 0.000633713 0.000439966
0.00161836 0.000441264 0.000559738 0.000617356
0.00140117 0.000348112 0.000520935 0.000532120
0.00124708 0.000275350 0.000599358 0.000372372
0.00124533 0.000277943 0.000682375 0.000285011
0.00140228 0.000327345 0.000870775 0.000204158
0.00196271 0.000596199 0.00119762 0.000168891
0.00267070 0.000847173 0.00157534 0.000248193
0.00256635 0.000619547 0.00154410 0.000402712
0.00257152 0.000951335 0.00108948 0.000530701
0.00296516 0.00167423 0.000818291 0.000472644
0.00274873 0.00181079 0.000526587 0.000411349
0.00226783 0.00146247 0.000367685 0.000437677
0.00176725 0.00104877 0.000294564 0.000423914
0.00133017 0.000720074 0.000301920 0.000308174
0.00139520 0.000621296 0.000341845 0.000432054
0.00147419 0.000691781 0.000301657 0.000480751
0.00142963 0.000659115 0.000360462 0.000410049
0.00128925 0.000581801 0.000437162 0.000270291
0.00107901 0.000501059 0.000348765 0.000229186
0.000919767 0.000467120 0.000289490 0.000163157
0.000771313 0.000400309 0.000264109 0.000106895
0.000541116 0.000260167 0.000210530 7.04192e-05
0.000417719 0.000208736 0.000162284 4.66992e-05
0.000346052 0.000189928 0.000117068 3.90563e-05
0.000258331 0.000135553 8.50367e-05 3.77406e-05
0.000215579 0.000107414 5.62940e-05 5.18708e-05
0.000167959 8.04717e-05 4.99973e-05 3.74898e-05
0.000170870 5.78936e-05 6.88335e-05 4.41429e-05
0.000160698 3.93418e-05 8.49035e-05 3.64523e-05
0.000146162 2.70724e-05 7.66368e-05 4.24526e-05
0.000138029 1.78443e-05 7.90147e-05 4.11700e-05
0.000103560 1.40621e-05 5.79736e-05 3.15246e-05
9.97936e-05 2.92521e-05 5.03657e-05 2.01758e-05
0.000122717 7.16495e-05 3.59013e-05 1.51662e-05
0.000167508 0.000109771 4.80312e-05 9.70635e-06
0.000220388 0.000149102 6.09513e-05 1.03347e-05
0.000189074 0.000115707 6.61190e-05 7.24795e-06
0.000146594 7.61934e-05 6.52290e-05 5.17178e-06
0.000145964 6.75399e-05 7.39289e-05 4.49570e-06
0.000108469 4.40414e-05 6.01947e-05 4.23300e-06
0.000160729 7.57907e-05 7.71562e-05 7.78229e-06
0.000202227 0.000108640 8.74732e-05 6.11339e-06
0.000204510 8.69852e-05 0.000110233 7.29205e-06
0.000190495 6.23086e-05 0.000123256 4.93062e-06
0.000148819 5.60741e-05 8.45652e-05 8.17925e-06
0.000139623 5.40120e-05 7.85927e-05 7.01789e-06
9.26453e-05 3.52977e-05 5.11948e-05 6.15280e-06
8.87237e-05 2.56212e-05 4.87362e-05 1.43663e-05
7.60456e-05 1.84593e-05 3.86068e-05 1.89795e-05
8.99436e-05 2.06914e-05 5.05206e-05 1.87315e-05
0.000109857 2.37577e-05 6.31866e-05 2.29127e-05
9.94761e-05 3.30865e-05 4.88288e-05 1.75608e-05
0.000104723 5.35681e-05 3.86727e-05 1.24823e-05
0.000123793 6.62639e-05 4.53590e-05 1.21702e-05
0.000104792 4.90879e-05 4.49955e-05 1.07089e-05
0.000125621 5.19946e-05 6.61277e-05 7.49855e-06
0.000123916 6.19111e-05 4.65098e-05 1.54951e-05
0.000106042 4.86370e-05 4.42237e-05 1.31818e-05
9.51470e-05 3.46687e-05 4.40898e-05 1.63885e-05
0.000129705 3.68338e-05 7.47064e-05 1.81643e-05
0.000144418 2.99521e-05 9.73929e-05 1.70729e-05
0.000111460 2.87983e-05 6.73930e-05 1.52686e-05
9.07696e-05 2.29172e-05 4.91041e-05 1.87484e-05
8.70304e-05 1.71275e-05 3.88687e-05 3.10342e-05
0.000106495 2.23849e-05 3.01445e-05 5.39652e-05
0.000175861 2.52021e-05 2.71380e-05 0.000123521
0.000357935 2.09028e-05 3.08062e-05 0.000306226
0.000633557 2.51627e-05 2.69831e-05 0.000581411
0.000913444 3.01971e-05 2.92975e-05 0.000853949
0.00140335 5.32721e-05 2.21586e-05 0.00132792
0.00213132 0.000148842 2.33711e-05 0.00195911
0.00271928 0.000236546 4.48356e-05 0.00243790
0.00310911 0.000214647 0.000150571 0.00274389
0.00397174 0.000456033 0.000407539 0.00310816
0.00436028 0.000439938 0.000657466 0.00326288
0.00445638 0.000380137 0.000658793 0.00341745
0.00458643 0.000298085 0.000437257 0.00385109
0.00508875 0.000317780 0.000332590 0.00443838
0.00608568 0.000467006 0.000301204 0.00531747
0.00540909 0.000519143 0.000229258 0.00466069
0.00440833 0.000449107 0.000391298 0.00356792
0.00390384 0.000404146 0.000285392 0.00321430
0.00312507 0.000418920 0.000314215 0.00239194
0.00262084 0.000413168 0.000653188 0.00155448
0.00266346 0.000306124 0.000556429 0.00180091
0.00386419 0.000358638 0.000451964 0.00305359
0.00416200 0.000314851 0.000300045 0.00354710
0.00340237 0.000261517 0.000228450 0.00291240
0.00240319 0.000197370 0.000310564 0.00189526
0.00219982 0.000139119 0.000550540 0.00151016
0.00217065 0.000156846 0.000931755 0.00108205
0.00212388 0.000190062 0.00119296 0.000740851
0.00209036 0.000195816 0.00142040 0.000474145
0.00211991 0.000170237 0.00150734 0.000442332
0.00203838 0.000124972 0.00143722 0.000476185
0.00204078 0.000115224 0.00141052 0.000515037
0.00201372 8.13550e-05 0.00148947 0.000442892
0.00163742 5.56933e-05 0.00127554 0.000306185
0.00116484 5.64630e-05 0.000848991 0.000259384
0.00105971 0.000157696 0.000567050 0.000334964
0.00131810 0.000409505 0.000484194 0.000424404
0.00140056 0.000559876 0.000414901 0.000425780
0.00122067 0.000549325 0.000273794 0.000397554
0.00103969 0.000487751 0.000219298 0.000332642
0.000876875 0.000332110 0.000259889 0.000284875
0.00105529 0.000345714 0.000523986 0.000185586
0.00186624 0.000477569 0.00114925 0.000239424
0.00335842 0.000586333 0.00251253 0.000259560
0.00362461 0.000524028 0.00292181 0.000178764
0.00231975 0.000335378 0.00186996 0.000114409
0.00485758 0.000391113 0.00395376 0.000512704
0.00973452 0.000418330 0.00727833 0.00203786
0.0110234 0.000298905 0.00720919 0.00351528
0.00961954 0.000232609 0.00606165 0.00332528
0.0128093 0.000707072 0.00615265 0.00594957
0.0160925 0.00127180 0.00622595 0.00859478
0.0102992 0.000813951 0.00398461 0.00550066
0.0120977 0.000781190 0.00440912 0.00690740
0.0134859 0.00100787 0.00494815 0.00752988
0.00956748 0.00106831 0.00320940 0.00528976
0.00832012 0.000770271 0.00362619 0.00392366
0.00728256 0.000558067 0.00376673 0.00295776
0.00466084 0.000357163 0.00241071 0.00189296
0.00500583 0.000265442 0.00258515 0.00215524
0.00701337 0.000208928 0.00416802 0.00263641
0.00725335 0.000176696 0.00530423 0.00177242
0.00747265 0.000155923 0.00613319 0.00118353
0.00764703 0.000143180 0.00645032 0.00105353
0.00785230 0.000248013 0.00632419 0.00128010
0.00906878 0.000456608 0.00702179 0.00159038
0.00970867 0.000485556 0.00756235 0.00166077
0.00943813 0.000421518 0.00788595 0.00113067
0.00792822 0.000350055 0.00684479 0.000733376
0.00582705 0.000636031 0.00471116 0.000479852
0.00447126 0.00113574 0.00302205 0.000313467
0.00465515 0.00187183 0.00220268 0.000580639
0.00525600 0.00232310 0.00230208 0.000630825
0.00546816 0.00191375 0.00296066 0.000593747
0.00545563 0.00162476 0.00316138 0.000669484
0.00649747 0.00181664 0.00423727 0.000443553
0.00610574 0.00149519 0.00422806 0.000382492
0.00508174 0.00108310 0.00357005 0.000428591
0.00440256 0.000712831 0.00331836 0.000371363
0.00490356 0.000585639 0.00374937 0.000568544
0.00670839 0.000614777 0.00517358 0.000920036
0.00681136 0.000644854 0.00548678 0.000679727
0.00571206 0.000430458 0.00446234 0.000819255
0.00502541 0.000809717 0.00322305 0.000992642
0.00466552 0.00158973 0.00221387 0.000861924
0.00406909 0.00183956 0.00149846 0.000731077
0.00335576 0.00151663 0.00133678 0.000502356
0.00403960 0.00109360 0.00189378 0.00105223
0.00645570 0.00101306 0.00297574 0.00246690
0.00637623 0.000739412 0.00328817 0.00234864
0.00602857 0.000898052 0.00294812 0.00218240
0.00646714 0.00124002 0.00268943 0.00253768
0.00509699 0.000897731 0.00198628 0.00221298
0.00489585 0.000796991 0.00173790 0.00236096
0.00361236 0.000615442 0.00132260 0.00167432
0.00290092 0.000396338 0.00103516 0.00146942
0.00319333 0.000345298 0.00104987 0.00179816
0.00323008 0.000271309 0.00106171 0.00189706
0.00262262 0.000317161 0.000867968 0.00143749
0.00219754 0.000324520 0.000789304 0.00108372
0.00301355 0.000642254 0.000935374 0.00143593
0.00321208 0.000815088 0.00103268 0.00136431
0.00315124 0.000761493 0.00106832 0.00132143
0.00327829 0.00115989 0.00123015 0.000888249
0.00384391 0.000850320 0.000965703 0.00202788
0.00465389 0.000960144 0.000985802 0.00270794
0.00358643 0.000709780 0.000685733 0.00219092
0.00327185 0.000522456 0.000487553 0.00226184
0.00341921 0.000345760 0.000594867 0.00247859
0.00380025 0.000342969 0.000602225 0.00285506
0.00422428 0.000422674 0.000482147 0.00331946
0.00358668 0.000330383 0.000368659 0.00288764
0.00306808 0.000328448 0.000595918 0.00214371
0.00271575 0.000322452 0.000502677 0.00189062
0.00257622 0.000326563 0.000397911 0.00185174
0.00268919 0.000268021 0.000334297 0.00208687
0.00335172 0.000478153 0.000291670 0.00258190
0.00242796 0.000421050 0.000295240 0.00171167
0.00288187 0.000535794 0.000695893 0.00165018
0.00323888 0.000585617 0.00122023 0.00143303
0.00274424 0.000416548 0.00121518 0.00111251
0.00270760 0.000454969 0.000813168 0.00143946
0.00247300 0.000293291 0.000628788 0.00155092
0.00283573 0.000662723 0.000782891 0.00139012
0.00331009 0.000913791 0.000937467 0.00145884
0.00359747 0.000720320 0.00162175 0.00125540
0.00345821 0.000646356 0.00199469 0.000817167
0.00346929 0.000696491 0.00198285 0.000789948
0.00650035 0.000900362 0.00497132 0.000628669
0.00911014 0.000691158 0.00789237 0.000526613
0.00778403 0.000493076 0.00610131 0.00118964
0.00733825 0.000541060 0.00509997 0.00169722
0.00759061 0.000413626 0.00582197 0.00135501
0.00900085 0.000503824 0.00729812 0.00119891
0.0114895 0.000691382 0.00947102 0.00132705
0.0137900 0.000975025 0.0116288 0.00118613
0.0118396 0.000884211 0.0101457 0.000809697
0.0140999 0.000804212 0.0125317 0.000763972
0.0181944 0.00104067 0.0164544 0.000699401
0.0163379 0.00129583 0.0144375 0.000604578
0.0167695 0.00190809 0.0136138 0.00124762
0.0143442 0.00199285 0.0107565 0.00159484
0.0145308 0.00469316 0.00702043 0.00281721
0.0194862 0.00949033 0.00595212 0.00404380
0.0166817 0.00705381 0.00590868 0.00371926
0.0136033 0.00636615 0.00392198 0.00331515
0.0132386 0.00644138 0.00332998 0.00346729
0.0155814 0.00631401 0.00256951 0.00669785
0.0178738 0.00517046 0.00396790 0.00873547
0.0175564 0.00394060 0.00780699 0.00580884
0.0181151 0.00433545 0.00977024 0.00400945
0.0147175 0.00406151 0.00771102 0.00294501
0.0108008 0.00262462 0.00589621 0.00227992
0.0102909 0.00216625 0.00607779 0.00204682
0.00909447 0.00223154 0.00499353 0.00186939
0.0100902 0.00214498 0.00459452 0.00335070
0.00958810 0.00177891 0.00306447 0.00474472
0.00974978 0.00159834 0.00411499 0.00403645
0.0110161 0.00241593 0.00577909 0.00282109
0.0140052 0.00305314 0.00760648 0.00334561
0.0128032 0.00276061 0.00667726 0.00336532
0.00930822 0.00209768 0.00500050 0.00221004
0.00928905 0.00297572 0.00449813 0.00181520
0.00999022 0.00438003 0.00398735 0.00162283
0.00954916 0.00401735 0.00329103 0.00224078
0.00937968 0.00337759 0.00243552 0.00356658
0.00953373 0.00349919 0.00292281 0.00311172
0.0104861 0.00366502 0.00446503 0.00235604
0.00842483 0.00285518 0.00382903 0.00174061
0.00744909 0.00295475 0.00329019 0.00120415
0.00696622 0.00325731 0.00283472 0.000874183
0.00507156 0.00243678 0.00203472 0.000600055
0.00391637 0.00179722 0.00171115 0.000407991
0.00321749 0.00136008 0.00158050 0.000276910
0.00365005 0.000899851 0.00212266 0.000627544
0.00408204 0.000602891 0.00237533 0.00110381
0.00289022 0.000562595 0.00161477 0.000712856
0.00320790 0.000696233 0.00148676 0.00102491
0.00285916 0.000691514 0.000959295 0.00120835
0.00205651 0.000471613 0.000620194 0.000964703
0.00163921 0.000470733 0.000486645 0.000681829
0.00189542 0.000676168 0.000546053 0.000673195
0.00236578 0.000694892 0.000801510 0.000869383
0.00248214 0.000449956 0.000855474 0.00117671
0.00302656 0.000504730 0.000881154 0.00164068
0.00382128 0.000669670 0.000979061 0.00217255
0.00416036 0.000689619 0.000911197 0.00255954
0.00429535 0.000673357 0.000697571 0.00292443
0.00447730 0.000494684 0.000547187 0.00343543
0.00448776 0.000755656 0.000378997 0.00335310
0.00413030 0.000976879 0.000266622 0.00288680
0.00404468 0.00102685 0.000325021 0.00269281
0.00381352 0.000786473 0.000562882 0.00246416
0.00329587 0.000511691 0.000747463 0.00203672
0.00341726 0.000488885 0.000929206 0.00199917
0.0147766 0.00372621 0.00179460 0.00925580
0.0332313 0.00348386 0.0101667 0.0195808
0.0573363 0.00351933 0.0120347 0.0417822
0.112865 0.00694565 0.0341779 0.0717416
0.113559 0.00672210 0.0244361 0.0824004
0.0958908 0.00762645 0.0338843 0.0543801
0.0729889 0.00802179 0.0260512 0.0389160
0.0556308 0.00596135 0.0226294 0.0270401
0.0389856 0.00479425 0.0167269 0.0174644
0.0268354 0.00349987 0.0120178 0.0113177
0.0195478 0.00282968 0.00914325 0.00757490
0.0152886 0.00203292 0.00752410 0.00573154
0.0112110 0.00187454 0.00505384 0.00428259
0.00881884 0.00157617 0.00343037 0.00381231
0.00753425 0.00123605 0.00226071 0.00403750
0.00638502 0.000978164 0.00195896 0.00344790
0.00710173 0.00135089 0.00212460 0.00362624
0.00841067 0.00190165 0.00147810 0.00503092
0.00849000 0.00175785 0.00165550 0.00507664
0.00693726 0.00123532 0.00148390 0.00421803
0.00501874 0.000850748 0.00110679 0.00306120
0.00373208 0.000573682 0.000837546 0.00232086
0.00340974 0.000525719 0.000586649 0.00229737
0.00289982 0.000430621 0.000430956 0.00203824
0.00214571 0.000275597 0.000282110 0.00158800
0.00147930 0.000248101 0.000183945 0.00104726
0.00117851 0.000221594 0.000139072 0.000817842
0.00108084 0.000212122 0.000105091 0.000763631
0.000991297 0.000210030 6.93361e-05 0.000711931
0.000800365 0.000147616 7.41311e-05 0.000578618
0.000597414 0.000105588 9.07798e-05 0.000401046
0.000442237 7.27487e-05 5.80990e-05 0.000311389
0.000452135 8.29642e-05 4.19248e-05 0.000327246
0.000450203 9.39996e-05 6.51451e-05 0.000291058
0.000370562 9.59281e-05 8.50563e-05 0.000189578
0.000275443 8.11591e-05 7.02874e-05 0.000123997
0.000218037 5.64881e-05 6.64658e-05 9.50830e-05
0.000198884 5.07561e-05 8.05229e-05 6.76049e-05
0.000202987 4.80890e-05 8.56176e-05 6.92802e-05
0.000214754 3.14660e-05 8.98058e-05 9.34820e-05
0.000198470 4.33930e-05 5.93976e-05 9.56792e-05
0.000225379 4.89873e-05 7.53384e-05 0.000101053
0.000233880 4.02003e-05 8.94537e-05 0.000104226
0.000265682 3.37956e-05 0.000102889 0.000128997
0.000217093 5.42884e-05 6.89449e-05 9.38598e-05
0.000207521 8.40454e-05 5.47139e-05 6.87618e-05
0.000199905 0.000108618 3.80556e-05 5.32313e-05
0.000199570 0.000120850 3.16581e-05 4.70613e-05
0.000181236 9.57009e-05 2.31891e-05 6.23463e-05
0.000182959 7.55293e-05 4.71888e-05 6.02408e-05
0.000232979 7.43057e-05 9.91661e-05 5.95075e-05
0.000253450 6.91640e-05 0.000133386 5.09001e-05
0.000235095 5.02043e-05 0.000150220 3.46702e-05
0.000200227 3.87409e-05 0.000138149 2.33376e-05
0.000138975 3.20210e-05 8.96010e-05 1.73531e-05
0.000123561 4.30990e-05 6.72594e-05 1.32027e-05
0.000119913 6.05917e-05 4.38747e-05 1.54463e-05
0.000102070 4.43497e-05 3.43949e-05 2.33255e-05
9.18608e-05 3.10770e-05 3.69004e-05 2.38834e-05
8.70870e-05 2.76949e-05 2.80864e-05 3.13057e-05
0.000115049 4.54567e-05 3.52455e-05 3.43471e-05
0.000138598 6.98580e-05 4.07513e-05 2.79892e-05
0.000200960 0.000111878 4.88959e-05 4.01863e-05
0.000255209 0.000127750 9.24816e-05 3.49773e-05
0.000207672 0.000103099 7.35026e-05 3.10704e-05
0.000178435 0.000100752 5.32709e-05 2.44119e-05
0.000242267 0.000105130 8.52498e-05 5.18873e-05
0.000290021 7.34996e-05 0.000137439 7.90828e-05
0.000331227 5.22599e-05 0.000181287 9.76801e-05
0.000405087 4.66922e-05 0.000211490 0.000146905
0.000386593 4.57443e-05 0.000179402 0.000161447
0.000313239 5.73396e-05 0.000146364 0.000109535
0.000326944 0.000107763 0.000125148 9.40330e-05
0.000373111 0.000173807 8.46582e-05 0.000114646
0.000448524 0.000249523 5.79461e-05 0.000141055
0.000410583 0.000224516 7.40283e-05 0.000112039
0.000406337 0.000212603 0.000118938 7.47960e-05
0.000385804 0.000196323 0.000123503 6.59784e-05
0.000308124 0.000156404 9.42380e-05 5.74822e-05
0.000219916 0.000120847 6.22806e-05 3.67886e-05
0.000198236 9.21080e-05 6.41682e-05 4.19593e-05
0.000187904 0.000100493 4.26946e-05 4.47159e-05
0.000277082 9.50417e-05 0.000117101 6.49385e-05
0.000385688 7.83054e-05 0.000201307 0.000106076
0.000699305 0.000112348 0.000408569 0.000178388
0.00121490 0.000143994 0.000793869 0.000277036
0.00103299 0.000154770 0.000653189 0.000225031
0.000956892 0.000107845 0.000636200 0.000212847
0.00131844 0.000129864 0.000836089 0.000352486
0.00184324 0.000172420 0.00112668 0.000544141
0.00219221 0.000176460 0.00138561 0.000630135
0.00233735 0.000140712 0.00149316 0.000703471
0.00215581 0.000130057 0.00136046 0.000665298
0.00201322 8.55058e-05 0.00126767 0.000660038
0.00170534 5.56412e-05 0.000851175 0.000798522
0.00179219 4.92429e-05 0.000668435 0.00107451
0.00226868 6.94091e-05 0.000475880 0.00172339
0.00355017 0.000206920 0.000324628 0.00301862
0.00709797 0.000487014 0.000218776 0.00639218
0.0130157 0.000907807 0.000308094 0.0117998
0.0191218 0.00132900 0.000577727 0.0172150
0.0188603 0.00117159 0.00131496 0.0163738
0.0148900 0.00162828 0.00130411 0.0119576
0.0135822 0.00315641 0.00243223 0.00799360
0.0134952 0.00287207 0.00373029 0.00689283
0.0107035 0.00263520 0.00328139 0.00478691
0.00880438 0.00267183 0.00259904 0.00353352
0.00734424 0.00228832 0.00208159 0.00297434
0.00576849 0.00178788 0.00177717 0.00220344
0.00463904 0.00138558 0.00179768 0.00145577
0.00372759 0.00115872 0.00158123 0.000987634
0.00277653 0.00100353 0.00108525 0.000687743
0.00185929 0.000673945 0.000701203 0.000484142
0.00206966 0.000702878 0.000914170 0.000452607
0.00240494 0.00102905 0.00103495 0.000340933
0.00277795 0.00104143 0.00129922 0.000437293
0.00257904 0.000695524 0.00157685 0.000306663
0.00267009 0.000665219 0.00166617 0.000338699
0.00304288 0.000699006 0.00170289 0.000640982
0.00323911 0.000680773 0.00166519 0.000893147
0.00336200 0.000695364 0.00150097 0.00116567
0.00370771 0.000552455 0.00103607 0.00211919
0.00450224 0.000429235 0.000838450 0.00323456
0.00524331 0.000282960 0.000569118 0.00439123
0.00553853 0.000290331 0.000366639 0.00488156
0.00453279 0.000307022 0.000488699 0.00373707
0.00397841 0.000205246 0.00110292 0.00267024
0.00511615 0.000322049 0.00268043 0.00211366
0.00825452 0.000590471 0.00576467 0.00189938
0.0111103 0.000952643 0.00737574 0.00278192
0.00974535 0.00117405 0.00525291 0.00331839
0.00783737 0.000937766 0.00347208 0.00342752
0.00656757 0.000737338 0.00229983 0.00353040
0.00539221 0.000649761 0.00167113 0.00307132
0.00477699 0.000500353 0.00140950 0.00286714
0.00515355 0.000442872 0.00169932 0.00301136
0.00562267 0.000564182 0.00242631 0.00263219
0.00526953 0.000429784 0.00278058 0.00205917
0.00506323 0.000733535 0.00292297 0.00140673
0.00509236 0.000930157 0.00324374 0.000918459
0.00631217 0.00120924 0.00422307 0.000879867
0.00894395 0.00129394 0.00668815 0.000961858
0.0114818 0.000893336 0.00994876 0.000639718
0.0129696 0.00100050 0.0113976 0.000571503
0.0114909 0.00123805 0.00971093 0.000541887
0.00913915 0.000914969 0.00734216 0.000882028
0.00863658 0.00118684 0.00671369 0.000736046
0.0103928 0.00173914 0.00768681 0.000966887
0.0129397 0.00175436 0.00960089 0.00158441
0.0143790 0.00143119 0.0116215 0.00132632
0.0144540 0.00129660 0.0121280 0.00102942
0.0116316 0.000891416 0.00975888 0.000981326
0.0108541 0.000579391 0.00924022 0.00103453
0.0102916 0.000377980 0.00883549 0.00107810
0.0126886 0.000281854 0.0114629 0.000943849
0.0180159 0.000258773 0.0164687 0.00128843
0.0182494 0.000481695 0.0164148 0.00135292
0.0186313 0.000854411 0.0159563 0.00182064
0.0191065 0.000918159 0.0149725 0.00321589
0.0158383 0.000608768 0.0121045 0.00312498
0.0101365 0.000389611 0.00774690 0.00199998
0.00648736 0.000249351 0.00495802 0.00127999
0.00415191 0.000159585 0.00317313 0.000819194
0.0120501 0.000582026 0.00799946 0.00346860
0.0261195 0.00190382 0.0152758 0.00893985
0.0237977 0.00201700 0.0132030 0.00857773
0.0188315 0.00160533 0.0110376 0.00618862
0.0132603 0.00128754 0.00788986 0.00408287
0.00994948 0.00103057 0.00606034 0.00285857
0.00850147 0.000834831 0.00525059 0.00241605
0.00632057 0.000773305 0.00376541 0.00178186
0.00577597 0.000981263 0.00266303 0.00213168
0.00573225 0.000863370 0.00183117 0.00303772
0.00501761 0.000643092 0.00201771 0.00235681
0.00414537 0.000532064 0.00205783 0.00155548
0.00415477 0.000564747 0.00160496 0.00198507
0.00424338 0.000510466 0.00102717 0.00270574
0.00324194 0.000458376 0.000699960 0.00208361
0.00249525 0.000362608 0.000560723 0.00157192
0.00212755 0.000317825 0.000649258 0.00116047
0.00194742 0.000371122 0.000721376 0.000854920
0.00170275 0.000287491 0.000612819 0.000802437
0.00145823 0.000201130 0.000598066 0.000659035
0.00206453 0.000132962 0.000677994 0.00125358
0.00311049 0.000188597 0.000934715 0.00198718
0.00213621 0.000176132 0.000623067 0.00133701
0.00183416 0.000516278 0.000401277 0.000916606
0.00206630 0.000465442 0.000558420 0.00104243
0.00309411 0.000671090 0.00100262 0.00142039
0.00324473 0.000869893 0.00123901 0.00113583
0.00274336 0.000628874 0.00121258 0.000901903
0.00268506 0.000911448 0.000972756 0.000800851
0.00254232 0.00101189 0.000944569 0.000585861
0.00288367 0.000828464 0.00116132 0.000893893
0.00289430 0.000678737 0.00118096 0.00103461
0.00298815 0.000729965 0.00145271 0.000805478
0.00450633 0.000692106 0.00234305 0.00147117
0.00498714 0.000538604 0.00237344 0.00207510
0.00385035 0.000382375 0.00203709 0.00143089
0.00421185 0.000468032 0.00214274 0.00160108
0.00600615 0.000916662 0.00246666 0.00262283
0.00478348 0.000715735 0.00202610 0.00204165
0.00422050 0.000646016 0.00158753 0.00198695
0.00320177 0.000475923 0.00107289 0.00165295
0.00270634 0.000317662 0.00104335 0.00134533
0.00495924 0.000714684 0.00204303 0.00220153
0.00745308 0.00140668 0.00355272 0.00249369
0.00746727 0.00108288 0.00452853 0.00185586
0.00882544 0.00190253 0.00547774 0.00144517
0.0134137 0.00404647 0.00771028 0.00165697
0.0153903 0.00523905 0.00832473 0.00182653
0.0129710 0.00547039 0.00596034 0.00154031
0.0112360 0.00513298 0.00414768 0.00195535
0.00886729 0.00344995 0.00342947 0.00198787
0.00792300 0.00253250 0.00371231 0.00167819
0.00860372 0.00197658 0.00474121 0.00188594
0.0109619 0.00162091 0.00634591 0.00299507
0.0137649 0.00122413 0.00814571 0.00439506
0.0172224 0.00110076 0.0116162 0.00450539
0.0220782 0.000971820 0.0175186 0.00358778
0.0253845 0.00102270 0.0213675 0.00299435
0.0241851 0.00124466 0.0202590 0.00268144
0.0207073 0.00119184 0.0173828 0.00213275
0.0152449 0.000909056 0.0127730 0.00156292
0.0103251 0.000781171 0.00843820 0.00110572
0.00684635 0.000666569 0.00545602 0.000723763
0.00508599 0.000468399 0.00349928 0.00111831
0.00646684 0.000403734 0.00323507 0.00282803
0.00535933 0.000264380 0.00212224 0.00297271
0.00605617 0.000245343 0.00264571 0.00316511
0.00724126 0.000166443 0.00207471 0.00500010
0.00840301 0.000248243 0.00202387 0.00613090
0.00850168 0.000256041 0.00278490 0.00546074
0.00835647 0.000163866 0.00379945 0.00439315
0.00847667 0.000120602 0.00522968 0.00312639
0.00940030 9.79540e-05 0.00591332 0.00338903
0.00636825 7.39097e-05 0.00380001 0.00249433
0.00632334 0.000150077 0.00330469 0.00286857
0.00458882 0.000249356 0.00228598 0.00205348
0.00352386 0.000337688 0.00168224 0.00150393
0.00351337 0.000290629 0.00168994 0.00153280
0.00302261 0.000541610 0.00123110 0.00124990
0.00336873 0.000736613 0.000867446 0.00176467
0.00301799 0.000535133 0.00118150 0.00130136
0.00313960 0.000389727 0.00159549 0.00115439
0.00274925 0.000331304 0.00111980 0.00129815
0.00263955 0.000333679 0.000913711 0.00139216
0.00254605 0.000394537 0.000860613 0.00129091
0.00334028 0.000416107 0.000985246 0.00193893
0.00403330 0.000305983 0.000989682 0.00273764
0.00330083 0.000308910 0.000745532 0.00224639
0.00263456 0.000217268 0.000596365 0.00182093
0.00205674 0.000298891 0.000575958 0.00118189
0.00242667 0.000263716 0.000863285 0.00129966
0.00255516 0.000186891 0.000952300 0.00141597
0.00277311 0.000232859 0.00105097 0.00148928
0.00368797 0.000253232 0.00147786 0.00195688
0.00448594 0.000195042 0.00193746 0.00235343
0.00498083 0.000196378 0.00199286 0.00279159
0.00586263 0.000256894 0.00195907 0.00364666
0.00541682 0.000368003 0.00148625 0.00356257
0.00382309 0.000401615 0.00111260 0.00230888
0.00280590 0.000382299 0.000715423 0.00170817
0.00197625 0.000293237 0.000496304 0.00118670
0.00184589 0.000513215 0.000349775 0.000982900
0.00194864 0.000596469 0.000350929 0.00100124
0.00131925 0.000384157 0.000247770 0.000687325
0.00105087 0.000420130 0.000178137 0.000452604
0.000951453 0.000455323 0.000148498 0.000347632
0.000962820 0.000367504 0.000179408 0.000415908
0.00127527 0.000240920 0.000146368 0.000887986
0.00126323 0.000188079 0.000125152 0.000950000
0.00287430 0.00116069 0.00102914 0.000684480
0.0132975 0.00298942 0.00511011 0.00519800
0.0152501 0.00468454 0.00449654 0.00606900
0.0358764 0.0115953 0.00620736 0.0180737
0.0452303 0.0109305 0.00833824 0.0259615
0.0436531 0.00951305 0.00670985 0.0274302
0.0399121 0.00651979 0.00683767 0.0265546
0.0315130 0.00458950 0.00766023 0.0192633
0.0250899 0.00381836 0.00860655 0.0126650
0.0205012 0.00402633 0.00785189 0.00862302
0.0167894 0.00330560 0.00767516 0.00580865
0.0133265 0.00216702 0.00692607 0.00423345
0.0102634 0.00183707 0.00540113 0.00302518
0.00715950 0.00147186 0.00373560 0.00195204
0.00512966 0.00116203 0.00266239 0.00130524
0.00377125 0.000884537 0.00196211 0.000924607
0.00267695 0.000709359 0.00131889 0.000648702
0.00219470 0.000625626 0.00109818 0.000470891
0.00231986 0.000483396 0.00150293 0.000333536
0.00373939 0.000744473 0.00249962 0.000495300
0.00473467 0.000982117 0.00323816 0.000514391
0.00435551 0.000659903 0.00328793 0.000407670
0.00381123 0.000820316 0.00268124 0.000309668
0.00322541 0.00104729 0.00174213 0.000435980
0.00302008 0.00111304 0.00145680 0.000450239
0.00302784 0.000759245 0.00184725 0.000421345
0.00328039 0.000613101 0.00236087 0.000306421
0.00363159 0.000579365 0.00283713 0.000215094
0.00372509 0.000461360 0.00308689 0.000176836
0.00282410 0.000308142 0.00237996 0.000135996
0.00217203 0.000299856 0.00176249 0.000109686
0.00210196 0.000317040 0.00168120 0.000103722
0.00200475 0.000245390 0.00166850 9.08596e-05
0.00166772 0.000191237 0.00138409 9.23927e-05
0.00129878 0.000166818 0.00104180 9.01661e-05
0.00113917 0.000162339 0.000890676 8.61550e-05
0.000970009 0.000136310 0.000753946 7.97537e-05
0.000760050 0.000138032 0.000562941 5.90771e-05
0.000719500 0.000198600 0.000456659 6.42406e-05
0.000813320 0.000228102 0.000526295 5.89233e-05
0.000781291 0.000194189 0.000540820 4.62819e-05
0.000662006 0.000142826 0.000481175 3.80051e-05
0.000532413 0.000147735 0.000356020 2.86571e-05
0.000436963 0.000134014 0.000271511 3.14375e-05
0.000317694 9.75895e-05 0.000194222 2.58826e-05
0.000280251 9.39732e-05 0.000166642 1.96353e-05
0.000302608 0.000118915 0.000144583 3.91099e-05
0.000263695 0.000102907 0.000110237 5.05508e-05
0.000213256 6.99310e-05 0.000100675 4.26498e-05
0.000191767 4.81221e-05 0.000112444 3.12003e-05
0.000211385 5.57129e-05 0.000135162 2.05098e-05
0.000240055 7.23071e-05 0.000153280 1.44675e-05
0.000166669 5.23452e-05 0.000103143 1.11815e-05
0.000166214 4.34393e-05 0.000113187 9.58814e-06
0.000176785 6.58297e-05 0.000104208 6.74738e-06
0.000211037 8.70808e-05 0.000115425 8.53113e-06
0.000239543 0.000102434 0.000126220 1.08886e-05
0.000224453 0.000107782 0.000104958 1.17128e-05
0.000177440 9.70107e-05 6.71734e-05 1.32559e-05
0.000135269 7.43150e-05 4.98376e-05 1.11160e-05
0.000136717 5.28098e-05 7.39917e-05 9.91510e-06
0.000135692 4.37778e-05 8.02043e-05 1.17101e-05
0.000118828 4.10218e-05 5.13308e-05 2.64759e-05
0.000103807 3.36771e-05 4.37134e-05 2.64167e-05
0.000106414 3.03289e-05 3.96266e-05 3.64582e-05
0.000161691 3.83993e-05 4.36572e-05 7.96346e-05
0.000158730 2.64468e-05 3.64835e-05 9.57992e-05
0.000142403 3.13187e-05 3.48174e-05 7.62673e-05
0.000113221 3.77551e-05 2.40989e-05 5.13671e-05
0.000117953 5.09639e-05 2.13318e-05 4.56571e-05
0.000137991 5.53587e-05 2.97551e-05 5.28776e-05
0.000139959 4.98989e-05 3.90564e-05 5.10037e-05
9.78667e-05 3.62607e-05 2.75735e-05 3.40325e-05
9.18613e-05 3.08963e-05 3.62842e-05 2.46808e-05
9.88062e-05 2.69137e-05 4.92640e-05 2.26284e-05
7.72672e-05 1.93363e-05 3.74289e-05 2.05020e-05
5.85312e-05 1.23752e-05 2.45737e-05 2.15822e-05
7.44065e-05 2.72780e-05 2.11077e-05 2.60208e-05
8.72213e-05 4.42037e-05 1.44488e-05 2.85687e-05
7.85902e-05 3.09793e-05 1.48845e-05 3.27264e-05
7.65613e-05 4.29352e-05 1.15648e-05 2.20613e-05
9.58588e-05 6.43381e-05 1.25152e-05 1.90055e-05
0.000132896 8.23099e-05 8.36944e-06 4.22169e-05
0.000134395 8.18838e-05 5.95411e-06 4.65570e-05
0.000159064 5.98030e-05 8.02038e-06 9.12404e-05
0.000157248 6.86638e-05 6.02300e-06 8.25609e-05
0.000113207 4.47675e-05 1.29424e-05 5.54970e-05
9.86606e-05 4.42171e-05 9.79350e-06 4.46500e-05
7.30689e-05 3.52510e-05 7.94017e-06 2.98777e-05
5.66511e-05 2.68543e-05 7.95224e-06 2.18446e-05
6.45312e-05 3.30786e-05 7.61099e-06 2.38416e-05
