5.31704 6.96466 8.75455
5.33344 6.95054 8.75329
5.33450 6.92912 8.73698
5.33672 6.93005 8.73907
5.33124 6.94586 8.74825
5.31693 6.96701 8.75634
5.30932 6.98595 8.76679
5.30672 6.96254 8.74664
5.31395 6.94166 8.73445
5.33228 6.90676 8.71796
5.33086 6.88633 8.70096
5.33660 6.85008 8.67589
5.35003 6.84311 8.67864
5.36367 6.83559 8.68111
5.38746 6.84700 8.70471
5.40839 6.85798 8.72622
5.41528 6.86001 8.73206
5.41888 6.86523 8.73837
5.41077 6.86539 8.73349
5.39330 6.87155 8.72757
5.38440 6.87385 8.72391
5.36553 6.89169 8.72636
5.34828 6.92171 8.73951
5.34469 6.94026 8.75199
5.33956 6.94952 8.75620
5.35194 6.95872 8.77099
5.35038 6.94880 8.76220
5.37241 6.94221 8.77040
5.40237 6.91909 8.77050
5.42176 6.88978 8.75940
5.42674 6.85734 8.73705
5.43711 6.85865 8.74449
5.42997 6.85849 8.73994
5.43137 6.86646 8.74705
5.42826 6.87236 8.74974
5.42444 6.88168 8.75469
5.42893 6.89029 8.76421
5.41978 6.89920 8.76556
5.41330 6.92396 8.78103
5.40850 6.95416 8.80185
5.41050 6.96722 8.81337
5.41865 6.97988 8.82834
5.43296 6.97480 8.83307
5.45031 6.95467 8.82789
5.44865 6.95542 8.82746
5.44088 6.95168 8.81975
5.45678 6.95393 8.83128
5.44914 6.95643 8.82856
5.45411 6.93855 8.81757
5.44745 6.91975 8.79872
5.43916 6.89912 8.77744
5.45134 6.88381 8.77297
5.45612 6.88424 8.77627
5.45555 6.87573 8.76926
5.45195 6.89667 8.78341
5.45504 6.93201 8.81301
5.45975 6.95394 8.83312
5.46088 6.96978 8.84625
5.46127 6.96717 8.84444
5.47652 6.95955 8.84784
5.47266 6.95510 8.84197
5.47606 6.96194 8.84943
5.49020 6.97353 8.86723
5.50393 6.96873 8.87194
5.51550 6.96221 8.87399
5.53231 6.93925 8.86647
5.54020 6.90956 8.84824
5.54024 6.89737 8.83878
5.55372 6.89685 8.84679
5.55332 6.90177 8.85036
5.56739 6.89406 8.85317
5.57645 6.89211 8.85733
5.60724 6.89004 8.87505
5.61532 6.88478 8.87606
5.62977 6.86973 8.87356
5.63934 6.85483 8.86812
5.65405 6.83521 8.86234
5.66172 6.82364 8.85832
5.68465 6.81514 8.86642
5.69576 6.82332 8.87978
5.69555 6.83463 8.88831
5.67933 6.85639 8.89468
5.65879 6.87357 8.89487
5.65815 6.86844 8.89051
5.65652 6.86990 8.89060
5.63861 6.85660 8.86902
5.60066 6.84285 8.83443
5.56726 6.84878 8.81798
5.54797 6.86864 8.82128
5.53239 6.88242 8.82224
5.51891 6.88779 8.81802
5.48282 6.89907 8.80439
5.44751 6.91563 8.79552
5.42193 6.92587 8.78783
5.40904 6.94260 8.79308
5.41281 6.95222 8.80297
5.42808 6.94030 8.80295
5.45430 6.92321 8.80566
5.47932 6.90286 8.80519
5.51306 6.90119 8.82483
5.55090 6.87200 8.82572
5.56780 6.84336 8.81412
5.59209 6.81055 8.80409
5.62826 6.78409 8.80667
5.65517 6.77590 8.81754
5.66537 6.75853 8.81076
5.66387 6.75487 8.80700
5.65186 6.74910 8.79490
5.64963 6.74575 8.79092
5.65743 6.74928 8.79860
5.67091 6.76152 8.81660
5.69118 6.78487 8.84743
5.71566 6.79753 8.87279
5.73951 6.80936 8.89711
5.76507 6.80570 8.91077
5.78017 6.79639 8.91342
5.79389 6.78793 8.91586
5.80637 6.78023 8.91811
5.80447 6.76950 8.90874
5.80413 6.75373 8.89659
5.84474 6.75587 8.92463
5.87661 6.77868 8.96262
5.90689 6.80936 9.00551
5.93227 6.85119 9.05360
5.94032 6.87467 9.07656
5.94794 6.91378 9.11106
5.96280 6.93628 9.13773
5.98431 6.95886 9.16878
5.99191 6.97820 9.18835
6.00341 6.98971 9.20453
6.00748 6.98237 9.20161
5.98509 6.95969 9.16992
5.96956 6.93899 9.14418
5.95998 6.91864 9.12257
5.96156 6.90339 9.11208
5.96184 6.87704 9.09238
5.95673 6.84876 9.06775
5.96304 6.82348 9.05287
5.95015 6.79471 9.02281
5.93687 6.77809 9.00162
5.93673 6.76061 8.98842
5.94844 6.74334 8.98320
5.94313 6.74088 8.97786
5.94851 6.75049 8.98860
5.94469 6.75866 8.99220
5.94489 6.77196 9.00229
5.92424 6.78831 9.00101
5.90169 6.78455 8.98343
5.88120 6.78114 8.96746
5.86695 6.76070 8.94276
5.85301 6.73488 8.91420
5.85474 6.71525 8.90057
5.86564 6.71583 8.90815
5.88231 6.71602 8.91922
5.89046 6.71614 8.92467
5.88646 6.69692 8.90763
5.88114 6.66648 8.88134
5.86693 6.63650 8.84955
5.84488 6.60719 8.81309
5.82227 6.57414 8.77347
5.80053 6.54670 8.73860
5.78213 6.52817 8.71261
5.77912 6.50942 8.69662
5.76948 6.51505 8.69444
5.78915 6.52608 8.71568
5.80004 6.54620 8.73790
5.79458 6.53741 8.72773
5.80910 6.51985 8.72426
5.82418 6.50091 8.72018
5.84550 6.47918 8.71826
5.86487 6.46064 8.71751
5.89027 6.47929 8.74830
5.93070 6.52675 8.81044
5.98130 6.56317 8.87126
6.01497 6.58846 8.91251
6.04208 6.61651 8.95139
6.07590 6.63665 8.98895
6.08275 6.66233 9.01247
6.09014 6.68813 9.03644
6.10384 6.72384 9.07198
6.12599 6.75991 9.11345
6.15915 6.79511 9.16165
6.16823 6.80644 9.17610
6.18138 6.81946 9.19452
6.18141 6.79656 9.17763
6.16589 6.76077 9.14084
6.15358 6.73263 9.11184
6.12657 6.71168 9.07825
6.12095 6.69250 9.06036
6.11585 6.67506 9.04410
6.09928 6.66160 9.02305
6.09185 6.64121 9.00305
6.08454 6.62456 8.98589
6.07659 6.60806 8.96841
6.06738 6.58350 8.94417
6.07711 6.58263 8.95010
6.07734 6.57286 8.94311
6.08004 6.55538 8.93214
6.06315 6.55041 8.91706
6.06562 6.55080 8.91902
6.05634 6.57277 8.92885
6.05072 6.60182 8.94639
6.05203 6.61125 8.95420
6.05855 6.61540 8.96165
6.06649 6.60643 8.96040
6.07357 6.60064 8.96092
6.06872 6.60844 8.96338
6.06973 6.61627 8.96981
6.06673 6.60813 8.96181
6.07547 6.60521 8.96556
6.07833 6.60719 8.96894
6.08160 6.61837 8.97936
6.10245 6.63348 9.00452
6.11636 6.64198 9.02014
6.13803 6.63801 9.03188
6.16341 6.64530 9.05440
6.19237 6.65685 9.08248
6.21986 6.67976 9.11787
6.24662 6.71117 9.15897
6.27178 6.74188 9.19846
6.29960 6.76994 9.23784
6.32116 6.79654 9.27189
6.33612 6.82210 9.30071
6.34329 6.83982 9.31851
6.34068 6.84642 9.32158
6.33540 6.84443 9.31654
6.32934 6.83993 9.30915
6.32145 6.83963 9.30360
6.30839 6.82195 9.28182
6.28357 6.81731 9.26163
6.26274 6.78997 9.22753
6.24740 6.76262 9.19712
6.23573 6.74639 9.17734
6.19792 6.71691 9.13018
6.16720 6.68397 9.08528
6.14671 6.63944 9.03880
6.14220 6.61495 9.01783
6.14167 6.60139 9.00758
6.12098 6.58902 8.98449
6.10401 6.57725 8.96439
6.08858 6.56655 8.94611
6.06862 6.54198 8.91460
6.06465 6.51950 8.89549
6.05641 6.48677 8.86601
6.06464 6.48340 8.86915
6.06473 6.48879 8.87314
6.08005 6.49217 8.88604
6.09442 6.51184 8.91014
6.11140 6.50774 8.91874
6.11407 6.49191 8.90906
6.11649 6.47752 8.90027
6.13862 6.48027 8.91742
6.15642 6.49281 8.93871
6.16902 6.49049 8.94568
6.17661 6.51170 8.96622
6.18346 6.52347 8.97944
6.18746 6.54173 8.99540
6.18932 6.56141 9.01094
6.20064 6.57327 9.02729
6.20341 6.57375 9.02953
6.19655 6.58430 9.03250
6.20494 6.58926 9.04183
6.20705 6.58799 9.04235
6.22383 6.58496 9.05163
6.23918 6.60219 9.07463
6.24292 6.61216 9.08442
6.23448 6.62752 9.08979
6.23831 6.64482 9.10498
6.23744 6.66716 9.12064
6.23569 6.66907 9.12084
6.24071 6.66279 9.11969
6.23075 6.65311 9.10586
6.23306 6.63627 9.09519
6.21149 6.60617 9.05859
6.19884 6.59483 9.04171
6.19760 6.57654 9.02759
6.20287 6.55666 9.01677
6.19338 6.56096 9.01339
6.19033 6.57062 9.01832
6.19499 6.56860 9.02003
6.19715 6.53974 9.00060
6.19911 6.51351 8.98298
6.22073 6.49665 8.98570
6.24719 6.49213 9.00072
6.26407 6.50670 9.02285
6.28810 6.52903 9.05550
6.28955 6.55286 9.07364
6.29546 6.55946 9.08246
6.28080 6.54576 9.06249
6.26310 6.53495 9.04250
6.24459 6.52759 9.02444
6.22777 6.52089 9.00802
6.21224 6.51206 8.99097
6.21020 6.50050 8.98122
6.19161 6.50731 8.97334
6.18807 6.51127 8.97378
6.19756 6.52568 8.99071
6.19134 6.53201 8.99102
6.19631 6.54258 9.00208
6.18909 6.55243 9.00427
6.19491 6.55314 9.00877
6.20343 6.53977 9.00493
6.21119 6.52761 9.00147
6.22047 6.52388 9.00515
6.22491 6.51134 8.99917
6.21200 6.49467 8.97826
6.21790 6.48798 8.97751
6.23010 6.48530 8.98400
6.22340 6.48542 8.97946
6.22000 6.48463 8.97654
6.20040 6.49035 8.96716
6.20653 6.49562 8.97517
6.20286 6.51930 8.98974
6.21033 6.50991 8.98810
6.20932 6.50316 8.98254
6.21116 6.51110 8.98953
6.20853 6.52503 8.99778
6.20831 6.54369 9.01112
6.20811 6.56066 9.02326
6.19927 6.55831 9.01551
6.20605 6.57915 9.03526
6.20595 6.61267 9.05953
6.20585 6.64314 9.08164
6.22437 6.64428 9.09508
6.23642 6.63657 9.09769
6.22957 6.64583 9.09975
6.22942 6.64441 9.09862
6.23064 6.62709 9.08686
6.22253 6.62037 9.07644
6.22708 6.61180 9.07332
6.22052 6.60278 9.06229
6.21292 6.58538 9.04448
6.20562 6.58288 9.03766
6.20300 6.58856 9.04000
6.21020 6.58628 9.04327
6.20438 6.56754 9.02569
6.19209 6.54942 9.00415
6.17660 6.51849 8.97113
6.18019 6.50511 8.96392
6.18362 6.49062 8.95581
6.17918 6.47827 8.94384
6.19821 6.49113 8.96621
6.20687 6.50001 8.97857
6.21259 6.52324 8.99928
6.22642 6.53721 9.01886
6.22004 6.55618 9.02820
6.22533 6.56392 9.03742
6.23121 6.57334 9.04827
6.23150 6.57540 9.04996
6.23637 6.56463 9.04552
6.23205 6.55816 9.03787
6.23859 6.56196 9.04511
6.22979 6.55747 9.03582
6.22923 6.55121 9.03092
6.22371 6.54402 9.02192
6.20952 6.52786 9.00051
6.21785 6.51798 8.99909
6.21574 6.52247 9.00089
6.21817 6.51869 8.99983
6.22609 6.52745 9.01160
6.22797 6.51368 9.00296
6.23390 6.51552 9.00837
6.23578 6.51973 9.01270
6.23748 6.52357 9.01664
6.24187 6.53499 9.02790
6.23716 6.53007 9.02111
6.23554 6.53332 9.02234
6.22902 6.53845 9.02155
6.22679 6.54578 9.02531
6.21313 6.54030 9.01197
6.20345 6.53944 9.00470
6.19480 6.53628 8.99649
6.18642 6.53290 8.98830
6.17881 6.52983 8.98085
6.18628 6.52963 8.98583
6.18673 6.52779 8.98481
6.18955 6.53486 8.99186
6.19141 6.54301 8.99904
6.20784 6.54595 9.01243
6.21697 6.55253 9.02345
6.20537 6.54890 9.01287
6.20960 6.53988 9.00924
6.21345 6.53168 9.00596
6.22132 6.51763 9.00123
6.21720 6.52165 9.00130
6.21123 6.52423 8.99905
6.19778 6.53314 8.99625
6.18555 6.54124 8.99374
6.20175 6.52116 8.99032
6.19277 6.49306 8.96386
6.18460 6.46752 8.93982
6.17718 6.44431 8.91798
6.17043 6.42320 8.89813
6.16563 6.41535 8.88917
6.16449 6.41657 8.88926
6.16539 6.42095 8.89304
6.17547 6.42587 8.90353
6.19712 6.42845 8.92036
6.21028 6.44266 8.93967
6.22729 6.46707 8.96896
6.24209 6.51843 9.01611
6.27364 6.56280 9.06982
6.29713 6.59778 9.11122
6.33399 6.61472 9.14881
6.34832 6.63120 9.17056
6.37645 6.67070 9.21840
6.39815 6.68638 9.24464
6.41386 6.69892 9.26450
6.40510 6.69869 9.25830
6.39713 6.69847 9.25266
6.38912 6.71486 9.25898
6.37601 6.71363 9.24908
6.36409 6.71251 9.24010
6.34646 6.70811 9.22483
6.34512 6.67855 9.20253
6.33196 6.66030 9.18030
6.34155 6.63267 9.16696
6.32665 6.56925 9.11105
6.30760 6.50947 9.05498
6.29208 6.48067 9.02360
6.26091 6.45408 8.98294
6.23906 6.42923 8.94998
6.20038 6.41810 8.91519
6.16880 6.40799 8.88607
6.14393 6.39539 8.85983
6.12988 6.39035 8.84650
6.13821 6.39286 8.85406
6.14185 6.40096 8.86240
6.16689 6.42483 8.89686
6.18070 6.45589 8.92875
6.18998 6.49556 8.96374
6.18217 6.54083 8.99113
6.18768 6.60736 9.04321
6.18486 6.67799 9.09284
6.18606 6.71660 9.12194
6.17227 6.74989 9.13711
6.15767 6.75455 9.13073
6.13850 6.75265 9.11647
6.12860 6.75382 9.11070
6.11803 6.76331 9.11064
6.10933 6.77384 9.11262
6.10143 6.78341 9.11444
6.08855 6.77128 9.09686
6.05893 6.72656 9.04397
6.03238 6.68632 8.99645
6.00824 6.64975 8.95324
5.98629 6.61650 8.91397
5.98224 6.59807 8.89764
5.98604 6.57787 8.88528
5.98538 6.56019 8.87180
5.96894 6.53880 8.84499
5.97107 6.52097 8.83330
5.96939 6.50846 8.82296
5.97644 6.49855 8.82044
5.97919 6.48575 8.81291
5.98599 6.47984 8.81317
5.99983 6.46631 8.81264
6.00326 6.46565 8.81449
6.01100 6.46609 8.82006
6.01664 6.47249 8.82856
6.00185 6.47122 8.81761
5.99499 6.48560 8.82348
6.00330 6.48777 8.83069
6.00835 6.50078 8.84364
6.00583 6.48776 8.83240
5.99776 6.45997 8.80661
6.00396 6.47616 8.82265
6.00164 6.50484 8.84208
6.01697 6.51940 8.86311
6.02762 6.52052 8.87113
6.03482 6.49782 8.85940
6.04365 6.47335 8.84755
6.05070 6.44510 8.83178
6.05034 6.42105 8.81406
6.05330 6.41136 8.80905
6.07038 6.38519 8.80182
6.07604 6.38593 8.80624
6.08432 6.40229 8.82375
6.09172 6.41831 8.84042
6.10052 6.43627 8.85945
6.12356 6.44220 8.87955
6.14450 6.44760 8.89784
6.15892 6.46760 8.92220
6.18898 6.48729 8.95709
6.19027 6.49913 8.96652
6.17321 6.50924 8.96212
6.15771 6.51844 8.95815
6.12858 6.54556 8.95796
6.10161 6.55923 8.94959
6.07177 6.58083 8.94518
6.03574 6.61643 8.94706
5.97847 6.67545 8.95246
5.90974 6.74956 8.96240
5.82706 6.83106 8.97004
5.75529 6.87264 8.95557
5.65507 6.84902 8.87361
5.53635 6.79935 8.76028
5.37081 6.70484 8.58327
5.09283 6.54312 8.28491
4.68078 6.36719 7.89704
4.22039 6.23782 7.52687
3.83509 6.16492 7.25666
3.45096 6.13673 7.03736
3.31134 6.09879 6.93686
3.20604 6.04455 6.83946
2.85602 5.89818 6.55114
2.02682 5.71605 6.06366
0.390285 5.64426 5.65769
-1.10260 5.57875 5.68634
-2.79245 5.56757 6.22670
-4.33431 5.55729 7.04362
-6.10947 5.37109 8.12823
-7.79154 5.43492 9.49050
-9.21632 5.58212 10.7629
-10.4596 5.70541 11.8997
-11.6072 5.82438 12.9691
-12.6643 5.94835 13.9717
-13.6065 6.10369 14.8900
-14.4181 6.32848 15.7196
-15.1074 6.55731 16.4396
-15.6463 6.75644 17.0103
-16.1129 6.89617 17.4917
-16.5198 6.97974 17.8970
-16.8992 7.06241 18.2770
-17.2118 7.16218 18.6021
-17.4169 7.28896 18.8382
-17.5813 7.39532 19.0294
-17.7308 7.49218 19.2032
-17.8666 7.58037 19.3613
-17.9901 7.66066 19.5050
-18.1706 7.55511 19.6312
-18.3118 7.37583 19.6955
-18.4071 7.11614 19.6916
-18.4312 6.89089 19.6366
-18.4759 6.78038 19.6412
-18.5833 6.80587 19.7502
-18.7404 6.84515 19.9104
-18.9436 6.88817 20.1151
-19.1874 6.98960 20.3771
-19.4888 7.20230 20.7299
-19.8579 7.51228 21.1792
-20.3220 7.81544 21.7154
-20.9136 8.11641 22.3695
-21.5878 8.44462 23.1093
-22.3319 8.65660 23.8732
-23.1938 8.62991 24.6665
-23.8424 8.60118 25.2636
-24.4729 8.68308 25.8808
-25.1868 8.77923 26.5814
-26.0101 8.87255 27.3849
-27.1188 8.94968 28.4542
-28.4239 8.94746 29.6902
-29.8240 8.97634 31.0301
-31.2594 9.08824 32.4291
-32.6650 9.29666 33.8255
-34.0421 9.57274 35.2109
-35.4347 9.94148 36.6324
-36.9177 10.4406 38.1694
-38.4699 11.1325 39.8156
-39.9519 11.7758 41.3805
-41.4884 12.4466 43.0007
-42.9915 13.0435 44.5681
-44.4704 13.4364 46.0613
-46.0277 14.0393 47.6742
-47.6065 14.9470 49.3733
-49.2202 15.9853 51.1303
-50.8214 16.8619 52.8315
-52.3633 17.3965 54.3918
-53.7671 17.9158 55.8155
-55.1681 18.5895 57.2661
-56.6161 19.5736 58.8224
-58.0119 20.8477 60.3870
-59.3931 22.5155 62.0189
-60.6971 24.5316 63.6552
-61.9676 26.8258 65.3233
-63.3123 28.9598 67.0095
-64.7386 30.5393 68.6130
-66.0799 31.7039 70.0259
-67.2557 32.4180 71.1796
-68.2829 33.6194 72.3135
-69.5159 35.7261 73.8127
-70.7127 37.7974 75.2555
-72.0150 39.2068 76.6101
-73.3218 40.7424 77.9795
-74.6105 42.9757 79.4729
-75.7400 45.9165 80.9911
-76.7522 48.6393 82.3778
-77.7727 50.0099 83.4736
-78.6836 50.1855 84.2282
-79.5037 50.2504 84.9156
-80.0131 53.3504 86.1652
-80.4787 56.7652 87.8447
-80.8623 57.9280 89.3954
-81.2082 123.210 90.7508
-81.2525 125.053 91.8856
-80.8812 126.985 93.0710
-80.2026 129.081 94.3134
-79.5608 131.926 95.5351
-79.0699 135.200 96.6263
-78.7405 138.018 97.4391
-78.7131 140.755 97.9496
-78.7348 143.315 98.3541
-78.6798 144.384 98.5695
-78.4847 144.423 98.7447
-78.4192 145.066 98.9008
-78.4587 144.989 98.8547
-78.6838 145.194 98.6898
-78.7556 144.370 98.5014
-79.1233 142.353 97.8651
-79.5449 140.435 97.1858
-79.9862 137.784 96.3434
-80.5330 134.564 95.2532
-81.1219 130.968 93.9199
-81.5460 127.277 92.3867
-81.4620 124.146 90.8992
-81.0317 57.5280 89.5552
-80.4941 57.6034 88.2862
-79.8713 56.3143 86.9646
-79.2380 53.9653 85.6491
-78.5553 51.1021 84.3462
-77.5996 48.9748 83.0985
-76.5362 46.9212 81.8204
-75.3359 44.3154 80.3255
-74.0825 41.6279 78.7676
-72.8930 39.4035 77.3470
-71.1066 36.5244 75.2829
-68.9504 33.9883 72.9500
-66.5206 31.4570 70.3376
-63.9981 29.0374 67.6164
-61.6447 27.1376 65.1185
-59.5479 24.9856 62.7456
-57.7554 23.0015 60.6592
-55.8355 21.6100 58.5866
-53.7254 20.8111 56.4742
-51.6609 20.4046 54.4968
-49.8851 19.9489 52.7640
-48.4317 19.3812 51.2870
-47.2379 18.7753 50.0295
-46.1118 18.2473 48.8521
-44.8965 17.8689 47.6341
-43.6612 17.6421 46.4416
-42.4258 17.4518 45.2606
-41.3000 17.2254 44.1678
-40.4203 16.9129 43.2696
-39.6289 16.5282 42.4264
-38.8910 16.2315 41.6593
-38.1769 15.9646 40.9225
-37.4234 15.7012 40.1503
-36.5281 15.4300 39.2457
-35.6376 15.0974 38.3236
-34.8329 14.6182 37.4278
-34.2099 13.9887 36.6456
-33.5871 13.2913 35.8422
-33.0619 12.7657 35.1869
-32.5390 12.4242 34.5934
-31.9326 12.2041 33.9612
-31.3060 12.0245 33.3230
-30.5822 11.8601 32.5995
-29.7959 11.7098 31.8230
-29.0211 11.5394 31.0507
-28.3161 11.3866 30.3487
-27.8240 10.9966 29.7613
-27.3457 10.6061 29.1868
-26.8456 10.3640 28.6420
-26.3725 10.2648 28.1701
-25.9153 10.2889 27.7555
-25.4856 10.3090 27.3661
-25.0669 10.2397 26.9560
-24.6022 10.0894 26.4749
-24.0160 9.88057 25.8608
-23.3068 9.69058 25.1403
-22.4749 9.54617 24.3242
-21.6276 9.49395 23.5307
-20.7456 9.34438 22.6707
-19.9167 9.21455 21.8686
-19.1456 9.06995 21.1146
-18.3720 8.99447 20.3892
-17.5644 9.01654 19.6804
-16.8296 9.03644 19.0420
-16.1352 9.10993 18.4714
-15.4025 9.16826 17.8695
-14.7542 9.18699 17.3283
-14.1096 9.17590 16.7815
-13.4410 9.10169 16.1870
-12.7269 8.96215 15.5244
-12.0128 8.82701 14.8699
-11.3099 8.74488 14.2625
-10.6028 8.72058 13.6976
-9.89081 8.69989 13.1448
-9.27634 8.65807 12.6639
-8.76226 8.58481 12.2441
-8.29424 8.49153 11.8495
-7.81206 8.37420 11.4339
-7.28371 8.20718 10.9571
-6.75231 8.03090 10.4785
-6.30115 7.87394 10.0728
-5.90376 7.78431 9.75917
-5.52384 7.76116 9.51667
-5.12957 7.74608 9.28216
-4.72240 7.75945 9.07622
-4.28977 7.76694 8.86668
-3.85654 7.73550 8.63846
-3.43109 7.67769 8.40541
-3.01947 7.59477 8.16982
-2.62414 7.50683 7.94986
-2.23765 7.43340 7.76113
-1.86238 7.37351 7.60385
-1.49570 7.32005 7.47050
-1.14970 7.23783 7.32810
-0.784292 7.07940 7.12250
-0.230848 6.87450 6.87835
0.278711 6.67229 6.67808
0.683990 6.54385 6.57935
0.909726 6.45245 6.51600
0.995355 6.42933 6.50561
1.09763 6.44888 6.54124
1.25456 6.47699 6.59688
1.41938 6.49083 6.64358
1.52389 6.50039 6.67590
1.60871 6.52458 6.71917
1.62919 6.54916 6.74792
1.59033 6.61020 6.79801
1.51913 6.68958 6.85916
1.44830 6.76222 6.91489
1.39559 6.82172 6.96237
1.32088 6.87770 7.00281
1.20215 6.96551 7.06800
1.07767 7.09200 7.17301
0.918258 7.24060 7.29829
0.742273 7.39397 7.43093
0.596742 7.52120 7.54470
0.445306 7.61339 7.62633
0.269127 7.69634 7.70102
0.0778657 7.78356 7.78394
-0.138755 7.86861 7.86982
-0.381387 7.96523 7.97430
-0.601979 8.05308 8.07540
-0.940822 8.13120 8.18510
-1.34694 8.20038 8.30954
-1.77515 8.28125 8.46811
-2.27064 8.37149 8.67191
-2.72122 8.45360 8.87785
-3.31980 8.54780 9.16551
-3.86421 8.63357 9.45308
-4.57246 8.76835 9.88093
-5.33799 8.94230 10.4036
-6.18012 9.15370 11.0303
-7.05543 9.31185 11.6646
-7.91488 9.37842 12.2497
-8.73214 9.37753 12.7877
-9.47574 9.37675 13.3016
-10.2524 9.46887 13.9226
-11.0302 9.59723 14.5830
-11.8123 9.71612 15.2523
-12.6551 9.82267 15.9721
-13.4219 9.92023 16.6374
-14.1466 9.95563 17.2417
-14.7940 9.91221 17.7478
-15.3829 9.87251 18.2158
-15.8478 9.97714 18.6606
-16.2562 10.1394 19.0887
-16.7475 10.3019 19.5871
-17.2925 10.3759 20.0872
-17.8442 10.3548 20.5487
-18.3705 10.2540 20.9546
-18.8190 10.1457 21.2948
-19.1598 10.0578 21.5539
-19.4305 9.97554 21.7560
-19.6766 9.90050 21.9413
-19.9352 9.78045 22.1199
-20.1848 9.66141 22.2933
-20.3622 9.56491 22.4129
-20.4866 9.41129 22.4629
-20.6310 9.29525 22.5473
-20.8880 9.22030 22.7516
-21.2753 9.25881 23.1193
-21.8707 9.44573 23.7340
-22.6441 9.73021 24.5479
-23.5361 10.0911 25.4981
-24.5088 10.4872 26.5344
-25.5186 10.8730 27.5996
-26.5420 11.1928 28.6520
-27.5390 11.4954 29.6734
-28.3665 11.8253 30.5488
-29.0837 12.1813 31.3316
-29.7538 12.4624 32.0439
-30.3966 12.5611 32.6665
-31.0528 12.5056 33.2494
-31.8479 12.2357 33.8930
-32.7655 11.7787 34.6024
-33.8476 11.2768 35.4704
-35.0667 10.9290 36.5281
-36.2830 10.8635 37.6667
-37.4346 11.2600 38.8608
-38.4366 12.0414 40.0082
-39.2817 13.0257 41.0627
-40.0454 14.0414 42.0555
-40.7145 15.2429 43.0211
-41.4383 16.7241 44.1345
-42.2043 18.3213 45.3409
-43.0713 19.8648 46.6349
-44.0894 21.1329 47.9730
-45.2991 21.8860 49.2944
-46.5912 22.3359 50.5771
-47.9801 22.6149 51.8838
-49.3638 23.0612 53.2394
-50.8200 23.5533 54.6692
-52.2988 24.1165 56.1356
-53.8228 24.9070 57.7033
-55.4055 25.9394 59.3831
-56.9896 27.0279 61.0665
-58.7130 28.1389 62.8600
-60.5874 29.7665 64.9064
-62.5040 32.2295 67.1901
-64.2637 35.4685 69.5269
-65.8208 38.7232 71.6743
-67.3351 41.9143 73.7371
-68.8030 45.0838 75.7228
-70.0455 47.9493 77.4282
-71.1210 50.7867 78.9902
-71.8942 53.1554 80.2050
-72.5344 54.7305 81.0937
-73.0453 56.7881 82.0543
-73.2563 60.0123 83.2404
-73.3738 62.8386 84.3208
-73.7991 64.6139 85.2765
-74.2485 65.8841 86.1170
-74.5578 66.4048 86.5810
-74.8334 66.6465 86.9109
-75.0111 67.0066 87.2515
-75.1989 67.2698 87.5740
-75.2380 68.0011 88.1242
-75.2451 68.6448 88.7316
-75.2961 68.8836 89.1490
-75.3205 68.9716 89.3834
-75.3267 68.9796 89.4222
-75.4101 68.8206 89.3229
-75.5678 68.4509 89.0643
-75.7196 68.0479 88.8200
-75.9549 67.4428 88.5496
-76.1921 66.8093 88.3143
-76.3471 66.1919 88.0358
-76.4843 65.7131 87.8664
-76.5025 65.4437 87.7171
-76.4671 65.2389 87.5606
-76.4335 65.0430 87.4184
-76.2214 64.8928 87.1464
-76.0455 64.3818 86.7501
-75.9430 63.0658 86.1005
-75.8698 60.5792 85.1169
-75.6639 57.8685 84.0872
-75.2466 54.6264 82.8444
-74.7108 51.5680 81.6367
-73.9064 48.9388 80.3834
-73.0460 46.5213 79.1487
-72.1968 43.9076 77.8688
-71.2118 40.9282 76.3908
-69.9226 37.8207 74.6337
-68.3859 34.6704 72.6447
-66.5846 31.7593 70.4626
-64.7044 29.1870 68.2584
-62.8597 26.9854 66.1406
-61.1318 25.2278 64.2052
-59.5119 23.8770 62.4434
-57.8825 23.2525 60.8350
-56.2848 23.0059 59.3440
-54.7354 22.9842 57.9566
-53.1334 22.9708 56.5302
-51.3930 22.8113 54.9442
-49.6122 22.5587 53.2970
-47.9366 22.1300 51.6862
-46.3239 21.5252 50.0687
-44.7787 20.8763 48.4894
-43.1944 20.2501 46.8773
-41.6784 19.7009 45.3469
-40.3211 19.2614 43.9922
-39.0856 18.8839 42.7652
-37.8309 18.5386 41.5319
-36.4467 18.1545 40.1693
-34.9210 17.6253 38.6240
-33.4163 17.0333 37.0686
-32.2187 16.4056 35.7636
-31.2988 15.6670 34.6536
-30.5288 14.8970 33.6621
-29.8178 14.1532 32.7343
-29.1819 13.6223 31.9578
-28.5799 13.2410 31.2694
-27.9596 12.9504 30.5994
-27.3068 12.6275 29.8868
-26.6604 12.2638 29.1631
-26.1936 11.9148 28.6065
-25.9768 11.6117 28.2937
-25.9126 11.3235 28.1263
-25.9046 11.1132 28.0406
-25.8438 10.9790 27.9357
-25.6613 10.9561 27.7605
-25.3672 11.0712 27.5353
-24.9990 11.2303 27.2618
-24.6438 11.3368 26.9824
-24.2036 11.3787 26.6031
-23.7839 11.3748 26.2253
-23.2875 11.3617 25.7763
-22.7604 11.4417 25.3415
-22.2698 11.6677 25.0071
-21.8286 11.9857 24.7655
-21.3503 12.3339 24.5165
-20.8811 12.6646 24.2786
-20.4329 12.9246 24.0334
-19.9113 13.0771 23.6797
-19.3001 13.0908 23.1843
-18.5458 12.9663 22.5016
-17.6760 12.7613 21.6849
-16.6665 12.5479 20.7577
-15.5800 12.3514 19.7894
-14.4010 12.1474 18.7594
-13.2385 11.9504 17.7649
-12.1165 11.7468 16.8164
-11.0391 11.5394 15.9190
-10.0240 11.2803 15.0486
-8.93733 10.9749 14.1199
-8.01068 10.6433 13.2941
-7.10435 10.3362 12.5210
-6.35688 10.0207 11.8501
-5.70465 9.74501 11.2784
-5.10894 9.50666 10.7817
-4.54656 9.27448 10.3205
-4.03203 9.08178 9.92994
-3.59866 8.92873 9.62137
-3.14565 8.80664 9.34752
-2.69679 8.65212 9.05970
-2.30110 8.46754 8.77251
-1.97640 8.27046 8.50179
-1.72632 8.09878 8.27956
-1.47228 7.96741 8.10147
-1.21614 7.83131 7.92461
-0.981203 7.67559 7.73769
-0.770728 7.44943 7.48898
-0.550764 7.23532 7.25614
-0.356250 7.04319 7.05215
-0.211510 6.88454 6.88777
-0.0129638 6.74778 6.74780
0.158594 6.64959 6.65148
0.290873 6.56984 6.57625
0.380278 6.54520 6.55619
0.445725 6.54644 6.56154
0.560905 6.55366 6.57752
0.673803 6.57745 6.61172
0.801353 6.64502 6.69296
0.934228 6.72854 6.79280
1.03916 6.79825 6.87685
1.15353 6.84848 6.94450
1.27301 6.91310 7.02879
1.44036 6.98337 7.12966
1.65924 7.04636 7.23815
1.81278 7.10799 7.33439
1.96042 7.19682 7.45773
2.13513 7.28202 7.58702
2.29396 7.35951 7.70691
2.45898 7.45073 7.84391
2.62488 7.53510 7.97678
2.77396 7.60462 8.09205
2.92689 7.67472 8.21086
3.05338 7.78292 8.35711
3.14511 7.93899 8.53568
3.20318 8.08881 8.69615
3.24770 8.19791 8.81382
3.29806 8.26257 8.89235
3.35768 8.30063 8.94974
3.40776 8.37318 9.03563
3.43707 8.48946 9.15426
3.45188 8.64936 9.30801
3.43920 8.84887 9.48890
3.43583 9.12863 9.74884
3.39161 9.46586 10.0501
3.36489 9.71480 10.2759
3.28332 9.88278 10.4089
3.16260 9.96634 10.4514
3.02895 10.0092 10.4532
2.90745 10.0482 10.4564
2.89663 9.97632 10.3844
3.21788 9.59051 10.1113
3.13303 9.11942 9.63842
2.72538 8.64991 9.06609
2.57484 8.20956 8.60132
2.71937 7.78170 8.24049
2.59480 7.37549 7.81631
2.39737 7.11783 7.50881
2.09137 7.03184 7.33480
1.78893 7.10335 7.32406
1.52890 7.26620 7.42449
1.34716 7.46227 7.58224
1.19487 7.62416 7.71669
1.13062 7.79087 7.87200
0.976988 7.94045 7.99996
0.765951 8.04344 8.07959
0.567348 8.05041 8.07024
0.399110 7.93446 7.94443
0.267065 7.74781 7.75239
0.165811 7.54414 7.54596
0.102380 7.40164 7.40234
0.0738983 7.33580 7.33617
0.0625140 7.36441 7.36467
0.0689921 7.47920 7.47952
0.0796814 7.64680 7.64722
0.0906121 7.79228 7.79281
0.148526 7.88850 7.88989
0.207757 7.87911 7.88183
0.349939 7.84129 7.84905
0.483910 7.78808 7.80301
0.515711 7.76959 7.78658
0.456012 7.81155 7.82477
0.360845 7.87047 7.87868
0.256189 7.92132 7.92543
0.158798 7.94511 7.94668
0.0129434 7.96061 7.96062
-0.187636 8.00567 8.00786
-0.482969 8.08910 8.10341
-0.842483 8.20032 8.24320
-1.19514 8.32972 8.41444
-1.57587 8.46493 8.60935
-1.94434 8.56404 8.78042
-2.35559 8.64670 8.95954
-2.77191 8.74221 9.16797
-3.24004 8.83662 9.40759
-3.74680 8.99268 9.73627
-4.31139 9.14307 10.1010
-4.86511 9.29370 10.4805
-5.48902 9.44109 10.9086
-6.16982 9.55792 11.3612
-6.86261 9.64819 11.8216
-7.60285 9.75159 12.3432
-8.37894 9.84835 12.9044
-9.18070 9.95597 13.5123
-9.99033 10.0759 14.1538
-10.7822 10.2126 14.8106
-11.5345 10.3441 15.4479
-12.2440 10.4231 16.0295
-12.9141 10.5048 16.5923
-13.5635 10.5703 17.1366
-14.1439 10.6356 17.6331
-14.7191 10.7013 18.1304
-15.2535 10.7257 18.5758
-15.7507 10.7115 18.9736
-16.2076 10.6765 19.3315
-16.6390 10.6517 19.6774
-17.1045 10.6391 20.0616
-17.5757 10.6503 20.4660
-18.1434 10.6811 20.9652
-18.7956 10.7173 21.5431
-19.5423 10.7762 22.2176
-20.3293 10.8353 22.9316
-21.0916 10.8956 23.6287
-21.7682 10.9253 24.2402
-22.3397 10.9209 24.7468
-22.8361 10.8781 25.1729
-23.2524 10.7900 25.5113
-23.5881 10.6923 25.7757
-23.8771 10.5896 25.9977
-24.0958 10.5313 26.1743
-24.3306 10.5435 26.3928
-24.5975 10.4807 26.6131
-25.0042 10.5965 27.0276
-25.4484 10.7193 27.4790
-25.9289 10.8750 27.9756
-26.5274 11.0487 28.5866
-27.2683 11.2283 29.3302
-28.0280 11.4329 30.0999
-28.7365 11.6348 30.8214
-29.3525 11.8307 31.4554
-29.9332 11.9837 32.0421
-30.4612 12.1244 32.5760
-30.9413 12.2537 33.0617
-31.6080 12.3492 33.7084
-32.2493 12.4873 34.3459
-32.8325 12.6147 34.9262
-33.4738 12.9050 35.6123
-34.0565 13.1727 36.2363
-35.0637 13.5944 37.3006
-36.1683 14.1033 38.4803
-37.3417 14.7713 39.7715
-38.5531 15.4807 41.1077
-39.7769 16.1887 42.4512
-40.9665 16.9903 43.7899
-42.0851 17.9729 45.1194
-43.1425 19.2832 46.5004
-44.1363 20.9304 47.9432
-45.1488 22.6946 49.4519
-46.2494 24.2554 50.9664
-47.4801 25.6954 52.5424
-48.7346 27.1426 54.1326
-50.0505 28.7741 55.8324
-51.4760 30.2311 57.5411
-52.9699 31.4287 59.1900
-54.5474 32.3492 60.7863
-56.0377 33.2098 62.2774
-57.3420 34.2187 63.6602
-58.4559 35.6324 65.0203
-59.3433 37.2755 66.2730
-60.2780 39.1319 67.6256
-61.2547 41.0948 69.0337
-62.2266 42.9533 70.3861
-63.1394 44.8978 71.7116
-63.9461 46.9918 73.0043
-64.6494 48.9435 74.1672
-65.2815 50.9539 75.2978
-65.8565 53.0146 76.4067
-66.4699 54.7335 77.4076
-67.1884 56.5086 78.4835
-67.9231 58.2076 79.5326
-68.5226 59.5692 80.3756
-69.1250 60.8301 81.1806
-69.7198 61.7715 81.8603
-70.3602 62.4582 82.4685
-70.9407 63.3144 83.1141
-71.3967 64.6939 83.9103
-71.7763 66.0740 84.6953
-72.1251 67.3061 85.4426
-72.3360 68.6240 86.2145
-72.3318 69.8875 86.9202
-72.3131 70.6858 87.4281
-72.4156 71.1540 87.8675
-72.5705 71.3128 88.1502
-72.9069 71.1208 88.3138
-73.3107 70.8568 88.5052
-73.5951 70.7061 88.7055
-73.8733 70.5220 88.8891
-74.0525 70.4751 89.1499
-74.1975 70.3731 89.2908
-74.3376 70.2220 89.3330
-74.4404 70.0208 89.1833
-74.4011 69.9615 89.0043
-74.1868 70.0872 88.8112
-73.9257 70.2209 88.5930
-73.7019 70.2472 88.3439
-73.4522 70.3003 88.1228
-73.1536 70.2831 87.8237
-72.9925 69.7235 87.2941
-73.0635 67.7236 86.2148
-73.1326 64.6751 84.8936
-72.8912 61.6844 83.6085
-72.2984 59.0577 82.3403
-71.7000 56.6638 81.1851
-71.1110 54.5235 80.1331
-70.2015 51.0167 78.4550
-68.8795 47.4021 76.4660
-67.3395 43.9208 74.3342
-65.7121 41.5087 72.4199
-64.2618 39.4785 70.7154
-62.9107 37.7818 69.1605
-62.0181 34.9962 67.6040
-60.9130 32.6898 66.0208
-59.8695 30.7132 64.5772
-58.7342 29.3501 63.2278
-57.4199 28.1635 61.7672
-55.9325 27.2856 60.2385
-54.3253 27.0539 58.7982
-52.7282 27.2163 57.4988
-51.1064 27.4351 56.2131
-49.4988 27.3869 54.8576
-47.9618 26.7311 53.3356
-46.4078 25.6262 51.6177
-44.8768 24.4573 49.8809
-43.3848 23.4194 48.2157
-41.9471 22.6766 46.7029
-40.7151 22.0980 45.4240
-39.5715 21.5306 44.2205
-38.4999 20.9303 43.0607
-37.5605 20.2623 41.9820
-36.6524 19.6138 40.9348
-35.6610 19.0898 39.8644
-34.6557 18.7093 38.8397
-33.7036 18.3363 37.8624
-32.7506 17.8881 36.8504
-31.7764 17.3764 35.7905
-30.7971 16.8763 34.7287
-29.9473 16.4092 33.7910
-29.1943 15.9130 32.9220
-28.4672 15.3625 32.0500
-27.7846 14.7757 31.1996
-27.1507 14.2262 30.4074
-26.6130 13.7445 29.7284
-26.1571 13.3509 29.1590
-25.6472 13.0006 28.5601
-25.1282 12.6822 27.9664
-24.5604 12.3294 27.3144
-23.9262 11.9682 26.5993
-23.2663 11.6050 25.8598
-22.6868 11.2981 25.2149
-22.2276 11.0174 24.6876
-21.7734 10.8174 24.1987
-21.3183 10.6894 23.7396
-20.8913 10.6259 23.3336
-20.4298 10.5890 22.9096
-20.0010 10.5267 22.5043
-19.5582 10.4172 22.0662
-19.1298 10.2984 21.6368
-18.5855 10.1896 21.1113
-17.9887 10.0791 20.5407
-17.3838 9.96197 19.9615
-16.8201 9.84239 19.4183
-16.2346 9.67998 18.8366
-15.6102 9.51090 18.2196
-14.9725 9.35141 17.5978
-14.3533 9.25606 17.0278
-13.7117 9.20921 16.4694
-13.0787 9.14444 15.9141
-12.5059 9.04534 15.3932
-11.8938 8.92344 14.8316
-11.3370 8.81304 14.3252
-10.6089 8.72373 13.7042
-9.79356 8.69117 13.0665
-9.00068 8.52217 12.3717
-8.51793 8.46064 11.9844
-7.99716 8.88832 11.9356
-7.30430 9.27624 11.7876
-6.57116 9.42458 11.4728
-5.83861 9.43793 11.0844
-5.01765 9.39316 10.6390
-4.17571 9.23148 10.1247
-3.34747 9.03364 9.62923
-2.56279 8.79963 9.16249
-1.81024 8.50023 8.68951
-1.08886 8.19502 8.26656
-0.483273 7.95661 7.97119
0.0727287 7.78808 7.78842
0.563137 7.63462 7.65524
1.04204 7.54534 7.61656
1.58215 7.49918 7.66335
2.14392 7.49570 7.79465
2.63942 7.48236 7.93182
3.10602 7.42966 8.04951
3.52703 7.33687 8.13656
3.90705 7.18223 8.17140
4.19924 6.89422 8.06730
4.38828 6.57348 7.89846
4.47815 6.29905 7.72356
4.50395 6.23818 7.68912
4.52104 6.30758 7.75533
4.48665 6.43215 7.83712
4.41413 6.56173 7.90304
4.31819 6.70194 7.96745
4.28616 6.83431 8.06191
4.33829 6.89537 8.14117
4.41197 6.89394 8.17928
4.51561 6.87140 8.21657
4.58889 6.81467 8.20982
4.64131 6.74225 8.17943
4.69451 6.62733 8.11570
4.74508 6.52266 8.06018
4.79400 6.43311 8.01708
4.83971 6.37961 8.00177
4.86490 6.34935 7.99296
4.88214 6.29206 7.95816
4.85758 6.24870 7.90895
4.86615 6.21214 7.88543
4.87387 6.16198 7.85084
4.89101 6.12431 7.83202
4.92772 6.07570 7.81717
4.96055 6.04332 7.81282
4.99952 6.00849 7.81077
5.02719 6.03232 7.84671
5.06467 6.08013 7.90730
5.08180 6.16602 7.98422
5.09515 6.27183 8.07439
5.10357 6.35510 8.14433
5.10980 6.43739 8.21239
5.11873 6.52435 8.28604
5.11499 6.59028 8.33564
5.10626 6.60329 8.34057
5.10364 6.59990 8.33630
5.11572 6.59946 8.34332
5.11587 6.59401 8.33912
5.10609 6.57146 8.31536
5.10286 6.54482 8.29240
5.10157 6.52565 8.27652
5.13252 6.49428 8.27096
5.15376 6.47341 8.26780
5.15913 6.46417 8.26392
5.14749 6.46548 8.25772
5.14484 6.49206 8.27685
5.13643 6.54280 8.31142
5.11835 6.60292 8.34766
5.12401 6.65651 8.39344
5.11442 6.68150 8.40741
5.08593 6.68583 8.39363
5.06843 6.69194 8.38795
5.01957 6.68621 8.35406
4.98298 6.65821 8.30983
4.95151 6.63688 8.27400
4.90874 6.63188 8.24458
4.85991 6.62157 8.20742
4.78374 6.61058 8.15385
4.69062 6.63091 8.11637
4.52881 6.64490 8.03589
4.29209 6.67624 7.93179
3.96940 6.71436 7.79543
3.58898 6.76517 7.65442
3.07549 6.85057 7.50634
2.48235 7.01472 7.43899
1.80479 7.17691 7.39924
1.09132 7.24706 7.32835
0.300430 7.18188 7.18813
-0.486055 7.15672 7.17312
-1.34779 7.13813 7.26363
-2.25512 7.14619 7.49186
-3.25617 7.20335 7.90169
-4.31338 7.32805 8.49747
-5.30096 7.46896 9.15046
-6.29474 7.64338 9.89023
-7.25622 7.81350 10.6483
-8.15194 8.04834 11.4370
-9.00717 8.28994 12.2189
-9.94818 8.46955 13.0383
-10.9891 8.57474 13.9072
-12.0057 8.68036 14.7788
-12.9536 8.79841 15.6180
-13.7626 8.88822 16.3380
-14.4287 8.97067 16.9411
-15.0012 9.06441 17.4748
-15.5062 9.16593 17.9570
-15.9211 9.26281 18.3610
-16.2379 9.35248 18.6776
-16.4746 9.40103 18.9054
-16.6263 9.42844 19.0497
-16.7423 9.43939 19.1554
-16.8362 9.45401 19.2438
-16.9054 9.43913 19.2968
-16.9056 9.34590 19.2528
-16.8727 9.16712 19.1404
-16.8059 8.96993 18.9907
-16.7317 8.75063 18.8255
-16.6516 8.53963 18.6600
-16.5748 8.35855 18.5118
-16.5521 8.27101 18.4533
-16.6238 8.26778 18.5158
-16.7661 8.36467 18.6847
-16.8954 8.45289 18.8383
-17.0129 8.53319 18.9780
-17.5287 8.79354 19.5506
-18.2688 9.04330 20.3181
-19.1938 9.33559 21.2689
-20.0352 9.60444 22.1354
-21.4146 10.1853 23.6134
-22.6703 10.7244 24.9614
-23.8130 11.2240 26.1900
-25.3772 11.6468 27.7656
-26.7821 11.9654 29.1579
-28.0528 12.1914 30.3954
-29.1152 12.3636 31.4256
-30.0823 12.5234 32.3657
-30.9623 12.6715 33.2230
-31.7276 12.8985 34.0025
-32.5322 13.1868 34.8384
-33.3941 13.5422 35.7484
-34.3123 13.9579 36.7289
-35.3149 14.4238 37.8018
-36.3900 15.0330 38.9864
-37.6127 15.7899 40.3519
-38.8697 16.5953 41.7611
-40.1319 17.5250 43.2126
-41.3496 18.2883 44.5635
-42.4847 18.8695 45.7746
-43.5641 19.1783 46.8418
-44.6704 19.2016 47.8402
-45.8873 19.1975 48.9331
-47.1415 19.2308 50.0753
-48.4019 19.5312 51.3031
-49.7296 20.1189 52.6714
-50.9341 20.6972 53.9209
-52.1413 21.2883 55.1716
-53.2877 21.9556 56.3836
-54.4702 22.8767 57.6913
-55.7007 24.1483 59.1301
-56.9167 25.5447 60.5823
-58.1324 26.8236 61.9924
-59.3814 27.6675 63.3005
-60.6223 28.1745 64.5021
-61.8166 28.5100 65.6139
-63.0122 28.9232 66.7432
-64.1718 29.7837 67.9465
-65.3567 31.1777 69.2907
-66.5144 32.6092 70.6074
-67.7480 33.8548 71.9274
-68.9862 35.0093 73.2148
-70.0483 36.3220 74.3815
-71.0620 38.2098 75.6284
-71.9197 39.8052 76.6723
-72.6825 41.3548 77.6226
-73.5104 43.2511 78.6957
-74.1400 45.3990 79.6737
-74.7113 47.8300 80.6805
-75.3461 49.8304 81.6350
-75.9608 50.2903 82.1931
-76.5744 50.7327 82.7501
-77.0199 52.1722 83.4400
-77.3188 54.1509 84.1820
-77.7677 54.6162 84.6469
-78.1695 55.0169 85.0699
-78.5128 55.5155 85.4880
-78.8228 55.7213 85.8061
-79.0669 55.5860 85.9742
-79.2362 55.5824 86.1215
-79.3417 55.5901 86.2182
-79.4891 55.7196 86.3935
-79.5460 56.4733 86.6954
-79.6368 56.8158 86.9043
-79.7777 56.9840 87.1107
-79.7617 57.6138 87.3375
-79.6200 58.5350 87.5645
-79.5098 59.0303 87.6584
-79.5173 58.7342 87.5333
-79.4975 58.1899 87.2814
-79.4136 57.7121 87.0073
-79.2066 57.5987 86.7617
-79.0701 57.0686 86.4502
-79.0810 55.6830 86.0159
-79.0439 54.0508 85.5086
-78.7341 51.9871 84.7087
-78.4118 50.0528 83.9810
-77.7797 48.1702 83.0540
-76.7437 45.1160 81.5826
-75.6596 41.7218 80.0228
-74.3919 39.0672 78.4698
-72.9808 36.6070 76.8246
-71.4980 33.9444 75.0559
-69.8434 31.1383 73.0871
-68.0225 28.1323 70.9059
-66.1131 25.1887 68.6320
-64.3154 22.8285 66.5508
-62.2543 20.7781 64.2697
-60.2168 19.2543 62.0915
-58.2573 18.1255 60.0464
-56.4779 17.4569 58.2490
-54.8501 16.8957 56.6087
-53.5565 17.3974 55.5042
-52.4459 18.1939 54.6543
-51.3706 18.8626 53.8278
-50.3616 19.1288 52.9733
-49.2589 19.1524 51.9742
-47.9182 18.9189 50.6890
-46.3952 18.5390 49.1951
-44.9432 17.9609 47.7040
-43.5223 17.1375 46.1625
-42.2214 16.4188 44.7569
-40.9141 15.7483 43.3555
-39.7997 15.2504 42.1799
-38.7227 14.9053 41.0829
-37.5108 14.7349 39.9152
-36.2733 14.5466 38.7195
-35.0238 14.1914 37.4582
-33.9155 13.6223 36.2534
-32.9683 12.9807 35.1706
-32.1504 12.3612 34.2135
-31.3747 11.9366 33.3581
-30.6640 11.7822 32.6496
-29.9580 11.8646 32.0246
-29.1759 11.9364 31.3298
-28.2956 11.8796 30.5033
-27.4754 11.6660 29.6768
-26.6997 11.3217 28.8431
-25.9420 11.0511 28.0518
-25.2340 10.9466 27.3672
-24.5865 10.9242 26.7701
-23.9969 10.9025 26.2277
-23.4803 10.8523 25.7415
-23.0185 10.8085 25.3083
-22.4795 10.8046 24.8232
-21.9615 10.7940 24.3562
-21.5182 10.7163 23.9286
-21.2304 10.5656 23.6084
-21.0008 10.4194 23.3417
-20.8112 10.2855 23.1159
-20.6239 10.2339 22.9270
-20.4111 10.2836 22.7592
-20.1667 10.3594 22.5759
-19.8565 10.4179 22.3285
-19.4835 10.4045 21.9950
-19.0388 10.3403 21.5766
-18.5395 10.2477 21.0985
-17.9559 10.1122 20.5280
-17.2904 10.0759 19.9367
-16.6156 10.1359 19.3908
-15.9313 10.2685 18.8838
-15.2297 10.4606 18.4080
-14.5456 10.6450 17.9588
-13.8894 10.8401 17.5550
-13.1836 10.9472 17.0759
-11.4760 10.2880 15.3676
-11.8453 10.0668 15.4999
-12.0033 9.69157 15.3840
-10.6324 8.99966 13.8973
-9.56584 8.41586 12.7158
-8.52914 8.19979 11.8110
-7.43925 8.08606 10.9713
-6.45215 7.83716 10.1390
-5.52514 7.63067 9.41164
-4.71581 7.51061 8.86140
-3.89627 7.46975 8.41989
-3.09639 7.33590 7.95940
-2.31997 7.16760 7.53189
-1.47390 6.95453 7.10827
-0.559782 6.75138 6.77445
0.266847 6.62880 6.63415
0.734098 6.66620 6.70632
0.988262 6.82856 6.89938
1.11321 7.01506 7.10241
1.17904 7.13147 7.22780
1.21672 7.26195 7.36265
1.35064 7.33676 7.45940
1.56127 7.37022 7.53291
1.79927 7.38330 7.59823
2.04367 7.41200 7.68712
2.24717 7.47078 7.79965
2.39748 7.53979 7.90975
2.47412 7.64228 8.03060
2.51121 7.75207 8.14637
2.52122 7.84044 8.23350
2.53575 7.93509 8.32801
2.57589 8.01291 8.41426
2.66438 8.04567 8.47269
2.74132 8.05758 8.50830
2.81415 8.03852 8.51392
2.87883 8.02535 8.52299
2.92098 7.99933 8.51279
2.96465 8.00465 8.53277
2.96254 7.99892 8.52667
2.94187 7.99746 8.51818
2.90218 7.95148 8.46145
2.84598 7.92761 8.42000
2.85961 7.90890 8.40699
2.87217 7.91025 8.41252
2.89502 7.94655 8.45439
2.91377 8.00625 8.51683
2.91916 8.09303 8.60021
2.95458 8.18884 8.70223
3.00352 8.27909 8.80361
3.06337 8.35055 8.89108
3.13799 8.40745 8.97015
3.20973 8.45038 9.03541
3.27157 8.49910 9.10284
3.33128 8.55093 9.17255
3.38808 8.60426 9.24276
3.42986 8.68516 9.33319
3.49759 8.77647 9.44281
3.56235 8.84841 9.53345
3.59556 8.92514 9.61689
3.61720 8.96621 9.66299
3.62040 8.98757 9.68397
3.65474 8.96905 9.67962
3.69513 8.90682 9.63735
3.73453 8.82720 9.57909
3.78348 8.75326 9.53027
3.80504 8.64846 9.44285
3.77892 8.53765 9.33108
3.73371 8.43387 9.21808
3.65524 8.33939 9.10025
3.53544 8.26438 8.98416
3.41487 8.20586 8.88370
3.31190 8.18830 8.82861
3.23801 8.22404 8.83457
3.20749 8.29789 8.89230
3.20678 8.42512 9.01078
3.20233 8.53370 9.11073
3.20331 8.60242 9.17540
3.22581 8.65705 9.23436
3.24716 8.69180 9.27431
3.26570 8.71864 9.30589
3.24967 8.72694 9.30808
3.23886 8.70510 9.28389
3.28589 8.69747 9.29314
3.35560 8.67383 9.29580
3.51089 8.62419 9.30658
3.70435 8.57077 9.33171
3.86962 8.48009 9.31556
3.96746 8.41687 9.29916
3.94693 8.37897 9.25621
3.85381 8.37610 9.21456
3.70410 8.36757 9.14559
3.50006 8.36450 9.06260
3.29042 8.37687 8.99577
3.02563 8.35855 8.88576
2.71175 8.37068 8.79608
2.30630 8.37958 8.68905
1.76589 8.44440 8.62579
1.03756 8.59255 8.65452
-0.0539784 8.83374 8.83391
-1.43914 9.19034 9.30141
-3.11650 9.63007 10.1174
-4.71780 10.0760 11.1158
-6.04720 10.2337 11.8709
-7.32502 10.1128 12.4652
-8.49611 10.0349 13.1212
-9.54224 10.0557 13.8297
-10.4075 10.1528 14.5014
-11.1350 10.2606 15.0989
-11.7685 10.3901 15.6516
-12.3149 10.5055 16.1359
-12.8218 10.6651 16.6220
-13.2912 10.8352 17.0881
-13.7256 10.9767 17.5109
-14.2260 11.0540 17.9477
-14.5236 10.9672 18.1301
-14.8047 10.8965 18.3121
-15.0911 10.8669 18.5247
-15.4343 10.9165 18.8301
-15.8755 11.0156 19.2443
-16.3432 11.1672 19.7105
-16.8959 11.3630 20.2715
-17.5550 11.5186 20.8997
-18.2876 11.6348 21.5710
-19.1351 11.7624 22.3488
-19.9638 11.9160 23.1283
-20.6786 12.0586 23.8082
-21.2186 12.1238 24.3029
-21.5942 12.0535 24.5937
-21.9352 11.8532 24.7976
-22.3373 11.5630 25.0203
-22.7931 11.2556 25.2914
-23.2796 10.9744 25.6100
-23.8104 10.6829 25.9733
-24.3197 10.4016 26.3298
-24.8997 10.1415 26.7672
-25.5334 9.88495 27.2637
-26.2160 9.59724 27.8041
-26.8826 9.38780 28.3627
-27.5362 9.33428 28.9614
-28.1845 9.32117 29.5694
-28.9320 9.49889 30.3270
-29.7901 9.69984 31.1957
-30.7170 9.98909 32.1539
-31.6207 10.4009 33.1237
-32.5470 10.8759 34.1319
-33.4854 11.2850 35.1318
-34.4527 11.5581 36.1192
-35.3909 11.7469 37.0549
-36.3625 11.9540 38.0267
-37.4362 12.3764 39.1524
-38.4941 12.8211 40.2676
-39.4558 13.2373 41.2831
-40.4952 13.7562 42.3974
-41.4395 14.2425 43.4121
-42.7698 15.0283 44.8657
-44.1137 15.7857 46.3206
-45.6444 16.5051 47.9333
-47.1329 17.1093 49.4708
-48.6424 17.8831 51.0671
-50.0142 18.6286 52.5232
-51.2601 19.3446 53.8507
-52.3910 20.0300 55.0603
-53.4172 20.6840 56.1620
-55.3959 21.7715 58.2300
-57.5546 22.4233 60.3378
-59.8215 23.4756 62.6258
-62.0040 25.1144 64.9520
-63.9804 26.8144 67.0826
-66.1147 28.6396 69.3502
-68.1651 30.8940 71.6039
-69.8641 33.7821 73.6609
-71.1720 36.7549 75.3869
-72.4705 39.8624 77.1165
-73.8205 43.4947 78.9872
-75.0776 47.1868 80.7926
-76.3096 50.1880 82.4216
-77.3242 52.8246 83.8336
-78.0927 55.6813 85.2003
-78.7301 58.0424 86.4769
-79.1146 60.4358 87.8664
-79.2868 61.7776 89.1263
-79.4383 118.270 90.3633
-79.3642 119.168 91.5443
-79.4245 120.538 92.2403
-79.5388 122.168 92.8172
-79.4469 123.452 93.3744
-79.1220 123.985 93.8455
-79.0745 124.426 94.0231
-79.2568 124.834 93.9869
-79.5903 125.303 93.8293
-79.8322 125.291 93.6019
-79.8238 124.542 93.3735
-79.8725 123.593 93.0013
-80.0816 122.957 92.5300
-80.2606 122.322 92.0217
-80.6453 122.200 91.3207
-80.9566 122.255 90.4504
-81.1701 57.1622 89.6584
-81.3114 55.9324 88.7772
-81.1923 54.7002 87.9147
-80.8621 53.2337 86.9775
-80.5629 51.4869 86.1679
-80.2481 49.7234 85.4341
-79.8657 48.2446 84.7609
-79.4987 46.2653 84.0271
-79.1924 42.9261 83.1136
-78.7958 38.8894 82.0601
-78.1180 35.1290 80.8685
-77.0768 32.6412 79.5815
-75.7372 31.0541 78.1674
-74.3948 30.0989 76.8402
-73.0010 29.8344 75.5754
-71.6035 29.7366 74.3381
-70.2362 29.3999 73.0851
-68.8435 28.8123 71.7583
-67.3322 27.9235 70.2593
-65.6266 26.8070 68.5289
-63.7443 25.6005 66.6054
-61.6698 24.5142 64.5180
-59.4876 23.2819 62.2809
-57.3009 21.9231 59.9884
-55.1680 20.6040 57.7337
-53.1287 19.3813 55.5704
-51.2378 18.3551 53.5780
-49.4938 17.5935 51.7771
-47.8869 16.9235 50.1192
-46.5960 16.3984 48.7864
-45.5161 15.9228 47.6592
-44.5938 15.5226 46.6959
-43.6552 15.1604 45.7257
-42.5697 14.8684 44.6359
-41.4030 14.6538 43.4908
-40.2018 14.4094 42.3048
-38.9885 14.1512 41.1031
-37.8774 13.8481 39.9823
-36.9307 13.5560 39.0164
-35.9562 13.3060 38.0364
-35.0354 13.2072 37.1524
-34.1974 13.1191 36.3494
-33.4434 13.1373 35.6595
-32.8049 13.0674 35.0488
-32.1185 12.9018 34.3625
-31.4248 12.7027 33.6580
-30.8296 12.5096 33.0457
-30.2444 12.3299 32.4468
-29.6228 12.1247 31.8054
-29.0097 11.9059 31.1666
-28.3873 11.6333 30.5000
-27.7116 11.4048 29.7995
-26.9853 11.2189 29.0672
-26.3360 11.0888 28.4258
-25.7924 10.9159 27.8655
-25.2847 10.7310 27.3336
-24.7626 10.5788 26.8003
-24.2496 10.4599 26.2875
-23.7222 10.4372 25.7986
-23.1459 10.4421 25.2774
-22.5679 10.4437 24.7558
-21.9005 10.4264 24.1486
-21.1545 10.3640 23.4551
-20.4262 10.2374 22.7527
-19.8004 10.0906 22.1339
-19.2506 9.91978 21.5724
-18.7514 9.83041 21.0921
-18.2226 9.86637 20.6446
-17.7058 9.92012 20.2199
-17.2853 9.94604 19.8689
-16.8656 9.89875 19.4851
-16.4883 9.82410 19.1252
-16.0244 9.73459 18.6851
-15.4649 9.67418 18.1806
-14.9559 9.61952 17.7247
-14.4631 9.08095 17.0276
-14.7053 9.40307 17.4003
-14.6105 9.36421 17.3003
-13.7551 8.80353 16.2866
-12.7585 8.42559 15.2521
-11.4108 8.19536 14.0181
-10.0977 7.95238 12.8283
-8.81380 7.75019 11.7170
-7.67959 7.74178 10.8886
-6.64872 7.86976 10.2892
-5.72723 8.03531 9.85689
-4.93909 8.16860 9.53730
-4.22345 8.21294 9.22883
-3.57151 8.25220 8.98714
-2.99931 8.35105 8.86983
-2.49319 8.41950 8.77841
-2.04295 8.44112 8.68314
-1.59942 8.41214 8.56179
-1.25892 8.43659 8.52935
-1.05202 8.54068 8.60477
-0.865095 8.68161 8.72428
-0.735384 8.71603 8.74676
-0.552095 8.67532 8.69274
-0.324779 8.53860 8.54473
-0.0917080 8.38809 8.38858
0.170580 8.29097 8.29271
0.390616 8.24987 8.25905
0.609184 8.28879 8.31100
0.833449 8.33015 8.37145
1.03734 8.36775 8.43136
1.19657 8.32629 8.41125
1.32374 8.26261 8.36727
1.42187 8.18060 8.30244
1.48528 8.09267 8.22697
1.53122 7.98340 8.12801
1.54904 7.85667 8.00700
1.55756 7.73173 7.88615
1.58228 7.67046 7.83103
1.62538 7.65938 7.82896
1.67234 7.69431 7.87291
1.72377 7.73065 7.91939
1.77884 7.75249 7.95278
1.81343 7.73561 7.94411
1.83493 7.72378 7.93751
1.85279 7.72387 7.94171
1.87653 7.74406 7.96687
1.94324 7.80017 8.03717
2.00001 7.83910 8.08871
2.03733 7.87699 8.13464
2.07618 7.89680 8.16355
2.10496 7.95779 8.22980
2.13128 8.01077 8.28771
2.14930 8.07054 8.35006
2.16543 8.10498 8.38746
2.18440 8.10563 8.39297
2.21652 8.08836 8.38467
2.25258 8.04532 8.35278
2.29556 7.99157 8.31274
2.34269 7.92667 8.26355
2.38553 7.86766 8.21925
2.41206 7.81388 8.17556
2.46439 7.77573 8.15469
2.53118 7.75215 8.15259
2.59190 7.73072 8.15122
2.61012 7.69679 8.12486
2.58420 7.64905 8.07140
2.55108 7.62813 8.04108
2.51318 7.61874 8.02029
2.48289 7.63405 8.02546
2.47084 7.66627 8.05241
2.47979 7.70645 8.09338
2.49253 7.74868 8.13744
2.49687 7.78792 8.17611
2.50381 7.81328 8.20236
2.49355 7.83827 8.22305
2.48603 7.85279 8.23463
2.49782 7.87436 8.25872
2.51768 7.93483 8.32231
2.55128 7.99727 8.39192
2.59416 8.03930 8.44495
2.61840 8.04998 8.46253
2.64446 8.03480 8.45616
2.72441 7.99366 8.44241
2.70859 7.94785 8.39399
2.70203 7.92671 8.37188
2.71654 7.92797 8.37774
2.71135 7.90549 8.35481
2.71106 7.88374 8.33416
2.70434 7.85393 8.30381
2.69823 7.82683 8.27622
2.66936 7.83250 8.27227
