6.50512 -43.4353 43.8270
6.51017 -43.4179 43.8104
6.52279 -43.4221 43.8161
6.52891 -43.4198 43.8145
6.53505 -43.4048 43.8005
6.51517 -43.3970 43.7904
6.51130 -43.4004 43.7933
6.51133 -43.3999 43.7928
6.51629 -43.4125 43.8059
6.51685 -43.4192 43.8125
6.51099 -43.4298 43.8222
6.50536 -43.4404 43.8320
6.50927 -43.4360 43.8282
6.51161 -43.4396 43.8321
6.52513 -43.4347 43.8288
6.53742 -43.4336 43.8292
6.54724 -43.4335 43.8303
6.55578 -43.4426 43.8402
6.56020 -43.4580 43.8560
6.56742 -43.4546 43.8535
6.56541 -43.4572 43.8558
6.55380 -43.4583 43.8555
6.55551 -43.4427 43.8404
6.53586 -43.4337 43.8291
6.52526 -43.4282 43.8224
6.53133 -43.4280 43.8229
6.51432 -43.4114 43.8045
6.50290 -43.4077 43.7995
6.48344 -43.3930 43.7827
6.48234 -43.3605 43.7505
6.48416 -43.3530 43.7433
6.48150 -43.3469 43.7370
6.47549 -43.3322 43.7218
6.47267 -43.3147 43.7041
6.46514 -43.3029 43.6916
6.47601 -43.2931 43.6832
6.48683 -43.2866 43.6781
6.46967 -43.2758 43.6653
6.47060 -43.2940 43.6834
6.46688 -43.2986 43.6875
6.47313 -43.3062 43.6958
6.46740 -43.3035 43.6925
6.46469 -43.3098 43.6984
6.46127 -43.3040 43.6922
6.45133 -43.3134 43.7003
6.45516 -43.3315 43.7186
6.45945 -43.3460 43.7334
6.45602 -43.3557 43.7426
6.43739 -43.3562 43.7409
6.44234 -43.3481 43.7335
6.43812 -43.3467 43.7316
6.44367 -43.3344 43.7201
6.44514 -43.3302 43.7161
6.43353 -43.3180 43.7027
6.42886 -43.3070 43.6913
6.42527 -43.2954 43.6794
6.42096 -43.2940 43.6775
6.42585 -43.2732 43.6575
6.43889 -43.2474 43.6337
6.45444 -43.2390 43.6273
6.45640 -43.2489 43.6372
6.45729 -43.2538 43.6422
6.47440 -43.2703 43.6605
6.46908 -43.2771 43.6666
6.46155 -43.2746 43.6632
6.46041 -43.2763 43.6648
6.45518 -43.2780 43.6658
6.44847 -43.2948 43.6816
6.43873 -43.3004 43.6860
6.43093 -43.2971 43.6818
6.42088 -43.2975 43.6809
6.41321 -43.3032 43.6857
6.40717 -43.3107 43.6923
6.40988 -43.3318 43.7135
6.40867 -43.3482 43.7296
6.40937 -43.3642 43.7455
6.40046 -43.3618 43.7420
6.39772 -43.3712 43.7510
6.39180 -43.3755 43.7545
6.38986 -43.3873 43.7660
6.40446 -43.3823 43.7627
6.40683 -43.3689 43.7498
6.40265 -43.3580 43.7385
6.40421 -43.3422 43.7231
6.39875 -43.3317 43.7121
6.39641 -43.3266 43.7068
6.39122 -43.3049 43.6847
6.38023 -43.2906 43.6693
6.34950 -43.2789 43.6541
6.34223 -43.2733 43.6478
6.32302 -43.2611 43.6334
6.32688 -43.2671 43.6399
6.31529 -43.2672 43.6386
6.31225 -43.2845 43.6553
6.31799 -43.2891 43.6605
6.33615 -43.2892 43.6628
6.34591 -43.2943 43.6689
6.34501 -43.2961 43.6706
6.33639 -43.3066 43.6800
6.34605 -43.3183 43.6926
6.34303 -43.3299 43.7038
6.34974 -43.3286 43.7032
6.35027 -43.3456 43.7201
6.34890 -43.3509 43.7252
6.35006 -43.3728 43.7469
6.36634 -43.3828 43.7588
6.37200 -43.3803 43.7569
6.38912 -43.3836 43.7622
6.39946 -43.3867 43.7664
6.39001 -43.3895 43.7681
6.39888 -43.3944 43.7740
6.39024 -43.3836 43.7624
6.39593 -43.3890 43.7683
6.38787 -43.3849 43.7634
6.37067 -43.3825 43.7589
6.36324 -43.3737 43.7493
6.35649 -43.3657 43.7407
6.35035 -43.3584 43.7328
6.33987 -43.3318 43.7053
6.34234 -43.3011 43.6753
6.34281 -43.2792 43.6537
6.34291 -43.2689 43.6435
6.34007 -43.2330 43.6077
6.34840 -43.2096 43.5856
6.35411 -43.2008 43.5776
6.36338 -43.1989 43.5768
6.36831 -43.1993 43.5778
6.36973 -43.1900 43.5688
6.37981 -43.1866 43.5666
6.39988 -43.1818 43.5643
6.40746 -43.1882 43.5715
6.40284 -43.2153 43.5977
6.42926 -43.2540 43.6390
6.42108 -43.3202 43.7034
6.41742 -43.3625 43.7447
6.40688 -43.3725 43.7533
6.39034 -43.3869 43.7656
6.38179 -43.3908 43.7684
6.37401 -43.3944 43.7710
6.36746 -43.3842 43.7602
6.36903 -43.3744 43.7507
6.37496 -43.3577 43.7349
6.37185 -43.3627 43.7395
6.38079 -43.3781 43.7557
6.37222 -43.3692 43.7460
6.35502 -43.3450 43.7201
6.33099 -43.3307 43.7032
6.32074 -43.3131 43.6845
6.31142 -43.2971 43.6676
6.30199 -43.2900 43.6596
6.28125 -43.2854 43.6525
6.26361 -43.2965 43.6615
6.26092 -43.3083 43.6728
6.25090 -43.3123 43.6756
6.24495 -43.3345 43.6969
6.24301 -43.3472 43.7092
6.24599 -43.3616 43.7238
6.23096 -43.3666 43.7269
6.23476 -43.3789 43.7396
6.24460 -43.3977 43.7593
6.24271 -43.4119 43.7731
6.23137 -43.4148 43.7746
6.20375 -43.4231 43.7796
6.19138 -43.4161 43.7713
6.18464 -43.3968 43.7515
6.20289 -43.3954 43.7522
6.21299 -43.3943 43.7522
6.21870 -43.4062 43.7646
6.23463 -43.4226 43.7826
6.23190 -43.4355 43.7952
6.21887 -43.4405 43.7986
6.21615 -43.4275 43.7854
6.21473 -43.4138 43.7717
6.21306 -43.4052 43.7630
6.21329 -43.3999 43.7578
6.22237 -43.3936 43.7526
6.23090 -43.3747 43.7350
6.23673 -43.3556 43.7167
6.25896 -43.3235 43.6876
6.29451 -43.3019 43.6704
6.32012 -43.2737 43.6456
6.33033 -43.2682 43.6413
6.35557 -43.2620 43.6382
6.36108 -43.2487 43.6257
6.36525 -43.2401 43.6177
6.38251 -43.2539 43.6334
6.39682 -43.2652 43.6462
6.42021 -43.2975 43.6809
6.41843 -43.3554 43.7378
6.41680 -43.4080 43.7895
6.42340 -43.4532 43.8349
6.40910 -43.4812 43.8608
6.41591 -43.5032 43.8834
6.42456 -43.5460 43.9266
6.42519 -43.5839 43.9641
6.40697 -43.6091 43.9869
6.38744 -43.6157 43.9911
6.38537 -43.6155 43.9907
6.39863 -43.5980 43.9750
6.39208 -43.5824 43.9588
6.38634 -43.5737 43.9495
6.38356 -43.5774 43.9529
6.37251 -43.5709 43.9451
6.37380 -43.5386 43.9134
6.36954 -43.5039 43.8786
6.37410 -43.4888 43.8643
6.36153 -43.4721 43.8463
6.35352 -43.4679 43.8412
6.35499 -43.4674 43.8409
6.34234 -43.4619 43.8340
6.34341 -43.4587 43.8309
6.34413 -43.4555 43.8279
6.32932 -43.4331 43.8041
6.32697 -43.4397 43.8103
6.32451 -43.4357 43.8061
6.31221 -43.4334 43.8024
6.29535 -43.4384 43.8053
6.28029 -43.4365 43.8017
6.27705 -43.4347 43.7995
6.26780 -43.4276 43.7914
6.25676 -43.4172 43.7799
6.24305 -43.4057 43.7670
6.24643 -43.3915 43.7533
6.24970 -43.3821 43.7444
6.25636 -43.3763 43.7394
6.25606 -43.3858 43.7488
6.26217 -43.3923 43.7560
6.26940 -43.4018 43.7661
6.28683 -43.4101 43.7764
6.28865 -43.4214 43.7878
6.28595 -43.4306 43.7965
6.27639 -43.4271 43.7919
6.27612 -43.4288 43.7936
6.28201 -43.4431 43.8084
6.27606 -43.4615 43.8259
6.25731 -43.4881 43.8500
6.25755 -43.4952 43.8570
6.24928 -43.5097 43.8704
6.24176 -43.5229 43.8826
6.23436 -43.5422 43.9008
6.21531 -43.5498 43.9061
6.20468 -43.5602 43.9152
6.19035 -43.5678 43.9211
6.16895 -43.5752 43.9259
6.15495 -43.5742 43.9234
6.15823 -43.5795 43.9290
6.16247 -43.5921 43.9419
6.16558 -43.6116 43.9615
6.16519 -43.6238 43.9735
6.17474 -43.6355 43.9862
6.18341 -43.6461 43.9977
6.18814 -43.6330 43.9852
6.19323 -43.6257 43.9786
6.21097 -43.6249 43.9798
6.23667 -43.6238 43.9816
6.24763 -43.6348 43.9938
6.25222 -43.6276 43.9872
6.24977 -43.6345 43.9938
6.25044 -43.6029 43.9626
6.24045 -43.5967 43.9553
6.23667 -43.5834 43.9418
6.22443 -43.5647 43.9219
6.22280 -43.5575 43.9146
6.22132 -43.5509 43.9079
6.21546 -43.5194 43.8761
6.21411 -43.5005 43.8573
6.21361 -43.5021 43.8588
6.20268 -43.4916 43.8472
6.20750 -43.5002 43.8563
6.20418 -43.4861 43.8419
6.21270 -43.4816 43.8384
6.20476 -43.4746 43.8307
6.19979 -43.4741 43.8296
6.18632 -43.4686 43.8226
6.17537 -43.4684 43.8211
6.15467 -43.4768 43.8271
6.16199 -43.4815 43.8326
6.14159 -43.4760 43.8248
6.13541 -43.4849 43.8329
6.14395 -43.4993 43.8481
6.14068 -43.5083 43.8567
6.13770 -43.5166 43.8645
6.15333 -43.5166 43.8663
6.16416 -43.5147 43.8656
6.18570 -43.5196 43.8729
6.19973 -43.5159 43.8709
6.19791 -43.5050 43.8599
6.20795 -43.4998 43.8559
6.22148 -43.5040 43.8615
6.22275 -43.5068 43.8645
6.22444 -43.5283 43.8859
6.22598 -43.5478 43.9054
6.22182 -43.5503 43.9073
6.21722 -43.5388 43.8954
6.20870 -43.5357 43.8915
6.20977 -43.5348 43.8906
6.20624 -43.5504 43.9057
6.19815 -43.5525 43.9068
6.20794 -43.5572 43.9126
6.20128 -43.5704 43.9249
6.19396 -43.5824 43.9359
6.19503 -43.5817 43.9354
6.19600 -43.5812 43.9349
6.20162 -43.5816 43.9360
6.20092 -43.5810 43.9353
6.19789 -43.5885 43.9424
6.20122 -43.5930 43.9472
6.21450 -43.5923 43.9480
6.21429 -43.5906 43.9463
6.20472 -43.5982 43.9528
6.19474 -43.5980 43.9514
6.21203 -43.5956 43.9510
6.22775 -43.5935 43.9507
6.22865 -43.5947 43.9520
6.23307 -43.6086 43.9662
6.23351 -43.6079 43.9656
6.21523 -43.6114 43.9670
6.19861 -43.6147 43.9683
6.18351 -43.6176 43.9695
6.16731 -43.6031 43.9533
6.15014 -43.5931 43.9415
6.15178 -43.5842 43.9329
6.15327 -43.5760 43.9250
6.16570 -43.5823 43.9326
6.16622 -43.5746 43.9250
6.17737 -43.5783 43.9299
6.18461 -43.5805 43.9330
6.17711 -43.5754 43.9270
6.16792 -43.5782 43.9288
6.16272 -43.5706 43.9207
6.15704 -43.5695 43.9189
6.15034 -43.5736 43.9223
6.14743 -43.5703 43.9186
6.16414 -43.5577 43.9081
6.16841 -43.5589 43.9098
6.17181 -43.5622 43.9134
6.17268 -43.5697 43.9209
6.16992 -43.5867 43.9374
6.16471 -43.6058 43.9557
6.17320 -43.6130 43.9638
6.19578 -43.6110 43.9643
6.19844 -43.6169 43.9705
6.20512 -43.6166 43.9709
6.22110 -43.6195 43.9756
6.21100 -43.6175 43.9725
6.19963 -43.6293 43.9828
6.18346 -43.6202 43.9721
6.18325 -43.6115 43.9635
6.17683 -43.5955 43.9469
6.16729 -43.5960 43.9463
6.15210 -43.5959 43.9445
6.16090 -43.5795 43.9292
6.15269 -43.5836 43.9324
6.14710 -43.5889 43.9370
6.14723 -43.5968 43.9448
6.15907 -43.6093 43.9585
6.15444 -43.6155 43.9642
6.16696 -43.6218 43.9717
6.15275 -43.6245 43.9729
6.15452 -43.6390 43.9873
6.17159 -43.6477 43.9979
6.17975 -43.6538 44.0048
6.18494 -43.6595 44.0111
6.18965 -43.6647 44.0168
6.19385 -43.6674 44.0199
6.19184 -43.6610 44.0133
6.19950 -43.6595 44.0127
6.19813 -43.6547 44.0078
6.17564 -43.6471 43.9977
6.17607 -43.6471 43.9978
6.16929 -43.6435 43.9934
6.16543 -43.6354 43.9850
6.16946 -43.6226 43.9728
6.17312 -43.6109 43.9617
6.17959 -43.6177 43.9692
6.18754 -43.6346 43.9867
6.19324 -43.6486 44.0012
6.17394 -43.6544 44.0048
6.19362 -43.6616 44.0141
6.20074 -43.6674 44.0206
6.20218 -43.6624 44.0159
6.19768 -43.6635 44.0164
6.20483 -43.6606 44.0144
6.20319 -43.6599 44.0135
6.21226 -43.6565 44.0112
6.20452 -43.6581 44.0119
6.19846 -43.6605 44.0136
6.19294 -43.6627 44.0151
6.19359 -43.6731 44.0255
6.19155 -43.6859 44.0378
6.18969 -43.6974 44.0491
6.18801 -43.7080 44.0593
6.18648 -43.7175 44.0686
6.17625 -43.7190 44.0688
6.16202 -43.7151 44.0634
6.15038 -43.6889 44.0362
6.12585 -43.6718 44.0166
6.10955 -43.6370 43.9804
6.09923 -43.6200 43.9624
6.07453 -43.5888 43.9287
6.05207 -43.5603 43.8982
6.06130 -43.5297 43.8689
6.06467 -43.5024 43.8423
6.07585 -43.4780 43.8194
6.08602 -43.4558 43.7986
6.09684 -43.4468 43.7909
6.12030 -43.4546 43.8013
6.12717 -43.4619 43.8093
6.13343 -43.4685 43.8165
6.14947 -43.4700 43.8198
6.16405 -43.4712 43.8227
6.19397 -43.5032 43.8576
6.22116 -43.5322 43.8894
6.24457 -43.5758 43.9352
6.25722 -43.6100 43.9704
6.27072 -43.6384 44.0000
6.25410 -43.6817 44.0409
6.26491 -43.7150 44.0750
6.29207 -43.7435 44.1063
6.31605 -43.7617 44.1269
6.34144 -43.8104 44.1780
6.34301 -43.8504 44.2177
6.34786 -43.9007 44.2679
6.33198 -43.9346 44.2996
6.29989 -43.9626 44.3235
6.27826 -43.9789 44.3372
6.26246 -43.9874 44.3438
6.24358 -44.0000 44.3540
6.23214 -44.0248 44.3773
6.20946 -44.0331 44.3830
6.21627 -44.0221 44.3729
6.22173 -43.9793 44.3312
6.22663 -43.9474 44.3003
6.23363 -43.9403 44.2940
6.24320 -43.9460 44.3007
6.23003 -43.9307 44.2841
6.24980 -43.8679 44.2243
6.26296 -43.8429 44.2011
6.27459 -43.8121 44.1720
6.27113 -43.7794 44.1393
6.27864 -43.7524 44.1135
6.28547 -43.7280 44.0901
6.29167 -43.7057 44.0689
6.28027 -43.7321 44.0937
6.27439 -43.7696 44.1300
6.26903 -43.8037 44.1630
6.26417 -43.8346 44.1931
6.26203 -43.8436 44.2016
6.24840 -43.8681 44.2243
6.24476 -43.9058 44.2611
6.23902 -43.9355 44.2899
6.23611 -43.9571 44.3109
6.23346 -43.9768 44.3300
6.20626 -43.9739 44.3241
6.20126 -43.9732 44.3229
6.18833 -43.9888 44.3368
6.17491 -44.0020 44.3483
6.16189 -43.9967 44.3416
6.15347 -44.0107 44.3546
6.16800 -44.0219 44.3673
6.17035 -44.0214 44.3670
6.16340 -44.0200 44.3649
6.17824 -44.0273 44.3737
6.17271 -44.0352 44.3809
6.16630 -44.0295 44.3746
6.15359 -44.0208 44.3646
6.15779 -43.9949 44.3394
6.17220 -43.9819 44.3282
6.20104 -43.9736 44.3232
6.20636 -43.9748 44.3250
6.21363 -43.9684 44.3195
6.22157 -43.9581 44.3102
6.20400 -43.9377 44.2881
6.18335 -43.9448 44.2927
6.15456 -43.9451 44.2898
6.16486 -43.9306 44.2767
6.17446 -43.8912 44.2388
6.19214 -43.8779 44.2277
6.21189 -43.8758 44.2278
6.22073 -43.8910 44.2438
6.22876 -43.9048 44.2584
6.23606 -43.9174 44.2716
6.24269 -43.9288 44.2836
6.22935 -43.9304 44.2837
6.24130 -43.9136 44.2684
6.26698 -43.9203 44.2780
6.29033 -43.9263 44.2866
6.28100 -43.9530 44.3119
6.27252 -43.9772 44.3348
6.28320 -43.9808 44.3396
6.29351 -43.9341 44.2946
6.28516 -43.8688 44.2292
6.27400 -43.8086 44.1685
6.24011 -43.7947 44.1509
6.22525 -43.7877 44.1423
6.22215 -43.7719 44.1263
6.22810 -43.7753 44.1303
6.21469 -43.8217 44.1747
6.20474 -43.8808 44.2320
6.18210 -43.9124 44.2606
6.18333 -43.9150 44.2633
6.19153 -43.8234 44.1738
6.22066 -43.6982 44.0533
6.29480 -43.5844 43.9494
6.36134 -43.5482 43.9214
6.41090 -43.5882 43.9667
6.45595 -43.6246 44.0079
6.46904 -43.6947 44.0787
6.48094 -43.7584 44.1430
6.46864 -43.7496 44.1328
6.45746 -43.7416 44.1236
6.46049 -43.7899 44.1717
6.46012 -43.8820 44.2625
6.44265 -43.9693 44.3466
6.41768 -44.0614 44.4346
6.38509 -44.1180 44.4868
6.35874 -44.1848 44.5497
6.34717 -44.2726 44.6351
6.32230 -44.3407 44.6995
6.32253 -44.4569 44.8144
6.29658 -44.5807 44.9337
6.27884 -44.6560 45.0062
6.27046 -44.7300 45.0783
6.25361 -44.7745 45.1205
6.27359 -44.8004 45.1483
6.29432 -44.8222 45.1721
6.28916 -44.8511 45.2001
6.28448 -44.8773 45.2255
6.28022 -44.9012 45.2486
6.27634 -44.9229 45.2697
6.27318 -44.9064 45.2530
6.28906 -44.8857 45.2343
6.30513 -44.8499 45.2007
6.29684 -44.8209 45.1711
6.29846 -44.7629 45.1140
6.27346 -44.6699 45.0193
6.26757 -44.5516 44.9018
6.27960 -44.4430 44.7958
6.31959 -44.3919 44.7499
6.35533 -44.3565 44.7189
6.36774 -44.3390 44.7030
6.36014 -44.3115 44.6750
6.36427 -44.2590 44.6236
6.36119 -44.1833 44.5485
6.37419 -44.1196 44.4871
6.39800 -44.0873 44.4580
6.42042 -44.0825 44.4558
6.44081 -44.0782 44.4539
6.44885 -44.1420 44.5179
6.46819 -44.1774 44.5550
6.49248 -44.2060 44.5861
6.52807 -44.2700 44.6534
6.51175 -44.3374 44.7180
6.47143 -44.3552 44.7309
6.43350 -44.3814 44.7524
6.40533 -44.4178 44.7851
6.32036 -44.4420 44.7994
6.30037 -44.4354 44.7906
6.28284 -44.4923 44.8449
6.26834 -44.5222 44.8728
6.25331 -44.5475 44.8962
6.29842 -44.5513 44.9049
6.33780 -44.5378 44.8960
6.37649 -44.5058 44.8688
6.36796 -44.4627 44.8253
6.36135 -44.4119 44.7743
6.38152 -44.3959 44.7608
6.34399 -44.3942 44.7548
6.30987 -44.3926 44.7494
6.31057 -44.3316 44.6893
6.32028 -44.2787 44.6381
6.31414 -44.2360 44.5952
6.29088 -44.2074 44.5643
6.28968 -44.2097 44.5665
6.23935 -44.2125 44.5636
6.21189 -44.2124 44.5603
6.17462 -44.2030 44.5470
6.16770 -44.2405 44.5832
6.17255 -44.2536 44.5967
6.12422 -44.2320 44.5700
6.08066 -44.2144 44.5478
6.05612 -44.1800 44.5112
6.02380 -44.1297 44.4579
5.98410 -44.0941 44.4184
5.93048 -44.0770 44.3958
5.89255 -44.0977 44.4121
5.86377 -44.1174 44.4286
5.83955 -44.1652 44.4734
5.78626 -44.2017 44.5039
5.71479 -44.1780 44.4731
5.66234 -44.1474 44.4374
5.61782 -44.1213 44.4070
5.59926 -44.1023 44.3863
5.56193 -44.1023 44.3826
5.53600 -44.1068 44.3844
5.50059 -44.1455 44.4193
5.45510 -44.1645 44.4335
5.39904 -44.1702 44.4338
5.35507 -44.1926 44.4516
5.31510 -44.2128 44.4679
5.23902 -44.2034 44.4513
5.16312 -44.2233 44.4639
5.11319 -44.2315 44.4674
5.09842 -44.2543 44.4887
5.07193 -44.2977 44.5294
5.05353 -44.3372 44.5668
5.03592 -44.3750 44.6027
5.05814 -44.3975 44.6271
5.05013 -44.4091 44.6379
5.05504 -44.4187 44.6479
5.08342 -44.4464 44.6778
5.08068 -44.4625 44.6936
5.08219 -44.4600 44.6913
5.10255 -44.4047 44.6383
5.13538 -44.3262 44.5634
5.19871 -44.2229 44.4668
5.27251 -44.1235 44.3753
5.33497 -44.0725 44.3306
5.39382 -44.0451 44.3092
5.46151 -43.9849 44.2563
5.51621 -43.9227 44.2000
5.57688 -43.8622 44.1462
5.63529 -43.8028 44.0934
5.64143 -43.7703 44.0618
5.62746 -43.7811 44.0712
5.59959 -43.8341 44.1207
5.58362 -43.8745 44.1592
5.58464 -43.8820 44.1667
5.57237 -43.8692 44.1527
5.56121 -43.8575 44.1400
5.61523 -43.8737 44.1616
5.70267 -43.8733 44.1702
5.78094 -43.8770 44.1820
5.84133 -43.9006 44.2117
5.87682 -43.9682 44.2824
5.95218 -44.0357 44.3572
6.06285 -44.0833 44.4163
6.14155 -44.1247 44.4659
6.17069 -44.1571 44.5012
6.13449 -44.1578 44.4979
6.09521 -44.1630 44.4987
6.07514 -44.1384 44.4721
6.08458 -44.1199 44.4549
6.08044 -44.0860 44.4209
6.08473 -44.0650 44.4006
6.04445 -44.0882 44.4191
6.03031 -44.1415 44.4703
5.99360 -44.1691 44.4936
5.93131 -44.1395 44.4576
5.85590 -44.0702 44.3811
5.83390 -44.0038 44.3130
5.84105 -43.9468 44.2575
5.88826 -43.9203 44.2362
5.91757 -43.9197 44.2388
5.91893 -43.9682 44.2869
5.94030 -44.0521 44.3722
5.91435 -44.1060 44.4227
5.91869 -44.0936 44.4109
5.91088 -44.0696 44.3864
5.83909 -44.0136 44.3233
5.80945 -43.9736 44.2806
5.88377 -43.9309 44.2463
5.96357 -43.8959 44.2202
5.99282 -43.9330 44.2600
6.02963 -44.0363 44.3662
6.04626 -44.1863 44.5163
6.03940 -44.2855 44.6137
6.02204 -44.3118 44.6378
6.00319 -44.3178 44.6417
5.90578 -44.3181 44.6316
5.81874 -44.3090 44.6135
5.78246 -44.2928 44.5937
5.77748 -44.2740 44.5745
5.80168 -44.2604 44.5636
5.83182 -44.2485 44.5550
5.89942 -44.2072 44.5213
5.96668 -44.1536 44.4754
6.04389 -44.1033 44.4340
6.11407 -44.0575 44.3965
6.14374 -43.9740 44.3172
6.18229 -43.9238 44.2719
6.21072 -43.8735 44.2254
6.24536 -43.8229 44.1793
6.29090 -43.7832 44.1453
6.31040 -43.7430 44.1078
6.32081 -43.7296 44.0958
6.32916 -43.7346 44.1017
6.35955 -43.7264 44.0972
6.38493 -43.7069 44.0808
6.37498 -43.6943 44.0673
6.34263 -43.7197 44.0886
6.33054 -43.7719 44.1387
6.28805 -43.8175 44.1788
6.25439 -43.8707 44.2276
6.19975 -43.9274 44.2774
6.14630 -43.9970 44.3402
6.10518 -44.0555 44.3935
6.04162 -44.1206 44.4509
6.00455 -44.1944 44.5198
5.97611 -44.2850 44.6064
5.96704 -44.3410 44.6608
5.96568 -44.3729 44.6922
5.96144 -44.3873 44.7060
5.98215 -44.3986 44.7194
5.99061 -44.4008 44.7225
5.98048 -44.3793 44.7001
5.99873 -44.3453 44.6685
6.01857 -44.3093 44.6350
6.04269 -44.2838 44.6124
6.06940 -44.2571 44.5888
6.08072 -44.2333 44.5666
6.11315 -44.2134 44.5504
6.09547 -44.1718 44.5073
6.14657 -44.1147 44.4566
6.17076 -44.0851 44.4300
6.19014 -44.0894 44.4364
6.19285 -44.1023 44.4495
6.20266 -44.1379 44.4857
6.18455 -44.1586 44.5041
6.18495 -44.1654 44.5109
6.15573 -44.1781 44.5202
6.13706 -44.1993 44.5392
6.10386 -44.2187 44.5547
6.10958 -44.2333 44.5698
6.10216 -44.2513 44.5867
6.10570 -44.2560 44.5917
6.10459 -44.2649 44.6004
6.10984 -44.2640 44.6001
6.11913 -44.2533 44.5906
6.11334 -44.2288 44.5657
6.10757 -44.1912 44.5279
6.11290 -44.1724 44.5099
6.11524 -44.1625 44.5003
6.10981 -44.1589 44.4962
6.11787 -44.1611 44.4992
6.12201 -44.1705 44.5090
6.12577 -44.1791 44.5179
6.13720 -44.1733 44.5134
6.12513 -44.1778 44.5165
6.11612 -44.1856 44.5232
6.12397 -44.1772 44.5159
6.13111 -44.1697 44.5092
6.13761 -44.1628 44.5031
6.14351 -44.1565 44.4976
6.15766 -44.1574 44.5000
6.17271 -44.1651 44.5093
6.16226 -44.1515 44.4947
6.15593 -44.1425 44.4851
6.17433 -44.1397 44.4843
6.18400 -44.1536 44.4991
6.19279 -44.1662 44.5126
6.17814 -44.1805 44.5252
6.16287 -44.1729 44.5159
6.14761 -44.1676 44.5090
6.13449 -44.1699 44.5098
6.12258 -44.1720 44.5105
6.12562 -44.1894 44.5281
6.10904 -44.1845 44.5215
6.09396 -44.1801 44.5154
6.08774 -44.1623 44.4971
6.08699 -44.1787 44.5133
6.10836 -44.1890 44.5258
6.11964 -44.1775 44.5156
6.10698 -44.1926 44.5292
6.09985 -44.2091 44.5447
6.08653 -44.2277 44.5617
6.08683 -44.2264 44.5604
6.10219 -44.2198 44.5556
6.09959 -44.2164 44.5519
6.09397 -44.2432 44.5778
6.12093 -44.2710 44.6082
6.14515 -44.3055 44.6450
6.17127 -44.3114 44.6537
6.18872 -44.3240 44.6681
6.18888 -44.3519 44.6956
6.20318 -44.3799 44.7249
6.22249 -44.4035 44.7504
6.28168 -44.4041 44.7576
6.32323 -44.4128 44.7709
6.38707 -44.3889 44.7545
6.41991 -44.3548 44.7245
6.45937 -44.2927 44.6679
6.50037 -44.2336 44.6143
6.53289 -44.1738 44.5590
6.55140 -44.1428 44.5306
6.55036 -44.1249 44.5128
6.54330 -44.1133 44.5005
6.52260 -44.1020 44.4869
6.47555 -44.0836 44.4633
6.39917 -44.0601 44.4312
6.37893 -44.0414 44.4104
6.38920 -44.0242 44.3946
6.40380 -44.0139 44.3862
6.43497 -44.0463 44.4217
6.47425 -44.0841 44.4636
6.49995 -44.1221 44.5042
6.51818 -44.1469 44.5307
6.55622 -44.1238 44.5124
6.57174 -44.0716 44.4627
6.60529 -44.0340 44.4297
6.68753 -44.0613 44.4664
6.74262 -44.1409 44.5516
6.75843 -44.1663 44.5785
6.72256 -44.1057 44.5145
6.71800 -43.9877 44.3976
6.73205 -43.8262 44.2400
6.74498 -43.6615 44.0792
6.72287 -43.5339 43.9507
6.67431 -43.5011 43.9124
6.60652 -43.5156 43.9185
6.57013 -43.5339 43.9320
6.52743 -43.4971 43.8907
6.48226 -43.3973 43.7867
6.42341 -43.3250 43.7084
6.40279 -43.2902 43.6716
6.37136 -43.2626 43.6406
6.31051 -43.2817 43.6523
6.28142 -43.3117 43.6786
6.23205 -43.3538 43.7144
6.17144 -43.3817 43.7351
6.10652 -43.4258 43.7712
6.04378 -43.4948 43.8325
5.97552 -43.5431 43.8726
5.92179 -43.5503 43.8739
5.87294 -43.5570 43.8752
5.82847 -43.5700 43.8833
5.79698 -43.5876 43.8973
5.76440 -43.6138 43.9198
5.72069 -43.6550 43.9560
5.69114 -43.6754 43.9730
5.67449 -43.6479 43.9442
5.69154 -43.6276 43.9258
5.71990 -43.6124 43.9137
5.74685 -43.6119 43.9161
5.74157 -43.6232 43.9268
5.71052 -43.6323 43.9325
5.67735 -43.6420 43.9386
5.64786 -43.6122 43.9061
5.64739 -43.5866 43.8807
5.68392 -43.5793 43.8772
5.70069 -43.5631 43.8630
5.72817 -43.5482 43.8510
5.74739 -43.5549 43.8597
5.79924 -43.5434 43.8539
5.80361 -43.5244 43.8355
5.80607 -43.5375 43.8488
5.82190 -43.5702 43.8828
5.83190 -43.5931 43.9065
5.85105 -43.6082 43.9235
5.90794 -43.5974 43.9190
5.96084 -43.5747 43.9022
5.99562 -43.5530 43.8846
6.02821 -43.5275 43.8631
6.07684 -43.5247 43.8657
6.10700 -43.5418 43.8859
6.13540 -43.6063 43.9529
6.14621 -43.6789 44.0258
6.14654 -43.6896 44.0365
6.14783 -43.6675 44.0148
6.17501 -43.6726 44.0229
6.19678 -43.7114 44.0637
6.21806 -43.7112 44.0659
6.21997 -43.6973 44.0523
6.20757 -43.7379 44.0911
6.17102 -43.8238 44.1718
6.16407 -43.8756 44.2222
6.15653 -43.8830 44.2286
6.15862 -43.8674 44.2135
6.15769 -43.8966 44.2423
6.16666 -43.9234 44.2697
6.12449 -43.9184 44.2601
6.12800 -43.8810 44.2235
6.13184 -43.8344 44.1779
6.11052 -43.8219 44.1632
6.09412 -43.8612 44.2002
6.09592 -43.9239 44.2624
6.09368 -43.9409 44.2790
6.09724 -43.9259 44.2645
6.08784 -43.9179 44.2556
6.03327 -43.9202 44.2518
5.96834 -43.9058 44.2305
5.90822 -43.8472 44.1660
5.96607 -43.7759 44.1018
6.04906 -43.7294 44.0650
6.10091 -43.7165 44.0579
6.13642 -43.7997 44.1442
6.20381 -43.8962 44.2470
6.23408 -43.9269 44.2808
6.26200 -43.9102 44.2674
6.21575 -43.9149 44.2669
6.13814 -43.9313 44.2744
6.11516 -43.9543 44.2946
6.18752 -43.9476 44.2960
6.23537 -43.9475 44.3013
6.28153 -44.0168 44.3749
6.25447 -44.1327 44.4864
6.21797 -44.2126 44.5613
6.14664 -44.1955 44.5364
6.08821 -44.1744 44.5092
6.04726 -44.2036 44.5336
6.02068 -44.2182 44.5451
6.04764 -44.2619 44.5913
6.08852 -44.2961 44.6295
6.11479 -44.3152 44.6513
6.12371 -44.3374 44.6742
6.15640 -44.3204 44.6610
6.14227 -44.3379 44.6767
6.13290 -44.3774 44.7148
6.13912 -44.4349 44.7723
6.13648 -44.4665 44.8032
6.12631 -44.4481 44.7839
6.10440 -44.4017 44.7356
6.08218 -44.3576 44.6896
6.07811 -44.3191 44.6511
6.06524 -44.2737 44.6049
6.11191 -44.1913 44.5284
6.17663 -44.0810 44.4266
6.24747 -43.9728 44.3277
6.33458 -43.8718 44.2378
6.41618 -43.7835 44.1601
6.47254 -43.7343 44.1182
6.51682 -43.7351 44.1242
6.55842 -43.7317 44.1258
6.60176 -43.7471 44.1462
6.63374 -43.7638 44.1666
6.63596 -43.7717 44.1746
6.63797 -43.7788 44.1818
6.61493 -43.8236 44.2233
6.57479 -43.8726 44.2668
6.54984 -43.9171 44.3077
6.50481 -43.9641 44.3488
6.48027 -43.9923 44.3737
6.43115 -44.0143 44.3897
6.38776 -44.0452 44.4151
6.36734 -44.1039 44.4708
6.33314 -44.1456 44.5080
6.28798 -44.1744 44.5314
6.25787 -44.1909 44.5443
6.24531 -44.1955 44.5474
6.25367 -44.1914 44.5443
6.26534 -44.2059 44.5600
6.27823 -44.2299 44.5852
6.30148 -44.2336 44.5914
6.32305 -44.2190 44.5794
6.33177 -44.2220 44.5833
6.33602 -44.2201 44.5820
6.31098 -44.2297 44.5886
6.30877 -44.2254 44.5842
6.30590 -44.2077 44.5663
6.29591 -44.1836 44.5414
6.31485 -44.1649 44.5250
6.35500 -44.1590 44.5238
6.37672 -44.1458 44.5132
6.40912 -44.1275 44.4989
6.44702 -44.1008 44.4770
6.46801 -44.0849 44.4637
6.48278 -44.0587 44.4396
6.49621 -44.0350 44.4177
6.50358 -43.9971 44.3811
6.49895 -43.9551 44.3392
6.47706 -43.9257 44.3076
6.46799 -43.8928 44.2741
6.46078 -43.8539 44.2348
6.46207 -43.8404 44.2217
6.46938 -43.8271 44.2094
6.46068 -43.8184 44.1998
6.46414 -43.8089 44.1908
6.47936 -43.8153 44.1990
6.45955 -43.8182 44.1994
6.45003 -43.8236 44.2036
6.43620 -43.8171 44.1956
6.44275 -43.8275 44.2067
6.45447 -43.8414 44.2217
6.47660 -43.8640 44.2466
6.47193 -43.8756 44.2575
6.46480 -43.9025 44.2833
6.45414 -43.8928 44.2724
6.42995 -43.8869 44.2638
6.40797 -43.8815 44.2559
6.41987 -43.8581 44.2341
6.42606 -43.8153 44.1926
6.44160 -43.7752 44.1549
6.44459 -43.7155 44.0963
6.46584 -43.6320 44.0164
6.49130 -43.5475 43.9361
6.50064 -43.4752 43.8659
6.50006 -43.4512 43.8421
6.52363 -43.4470 43.8408
6.54857 -43.4306 43.8276
6.57225 -43.4290 43.8289
6.58166 -43.4402 43.8410
6.59985 -43.4486 43.8516
6.60908 -43.4671 43.8709
6.59801 -43.5039 43.9058
6.59565 -43.5438 43.9449
6.58969 -43.6027 44.0024
6.56457 -43.6456 44.0416
6.54625 -43.6820 44.0753
6.52959 -43.7150 44.1059
6.52344 -43.7810 44.1702
6.50945 -43.8031 44.1904
6.51006 -43.8137 44.2010
6.49929 -43.8380 44.2237
6.49753 -43.8494 44.2347
6.50519 -43.8477 44.2340
6.49624 -43.8249 44.2104
6.50501 -43.7967 44.1836
6.49796 -43.7696 44.1560
6.51014 -43.7516 44.1397
6.50220 -43.7233 44.1108
6.50688 -43.6992 44.0876
6.52913 -43.6805 44.0718
6.57023 -43.6660 44.0624
6.59960 -43.6475 44.0477
6.61613 -43.6338 44.0362
6.61607 -43.6119 44.0146
6.63131 -43.5996 44.0043
6.63180 -43.6009 44.0057
6.62339 -43.6052 44.0088
6.61838 -43.6189 44.0218
6.59972 -43.6274 44.0279
6.57024 -43.6239 44.0209
6.54338 -43.6159 44.0098
6.52339 -43.6052 43.9968
6.50957 -43.6091 43.9990
6.47861 -43.6271 44.0131
6.46441 -43.6515 44.0355
6.45784 -43.6620 44.0450
6.46513 -43.7183 44.1015
6.48611 -43.7647 44.1498
6.47920 -43.7736 44.1577
6.47039 -43.7817 44.1647
6.49040 -43.7917 44.1769
6.48510 -43.7937 44.1783
6.49263 -43.7972 44.1826
6.48926 -43.8078 44.1927
6.48317 -43.8401 44.2238
6.49084 -43.8675 44.2518
6.48609 -43.8799 44.2635
6.48240 -43.8823 44.2654
6.45827 -43.8837 44.2640
6.44982 -43.8805 44.2598
6.44349 -43.8803 44.2588
6.45240 -43.8697 44.2495
6.43179 -43.8812 44.2583
6.45158 -43.9004 44.2797
6.47671 -43.9305 44.3123
6.49153 -43.9290 44.3125
6.49963 -43.9104 44.2951
6.50536 -43.8688 44.2547
6.50539 -43.8458 44.2321
6.51888 -43.8576 44.2453
6.53192 -43.8872 44.2761
6.54742 -43.9575 44.3473
6.54815 -44.0361 44.4249
6.52298 -44.1165 44.5013
6.53010 -44.1612 44.5463
6.52378 -44.1713 44.5555
6.52842 -44.1849 44.5695
6.54263 -44.2179 44.6037
6.55430 -44.2628 44.6493
6.54698 -44.3091 44.6942
6.53157 -44.3357 44.7187
6.51520 -44.3237 44.7049
6.51667 -44.2952 44.6769
6.54533 -44.2746 44.6599
6.56414 -44.2806 44.6681
6.57916 -44.2861 44.6753
6.57479 -44.2822 44.6709
6.57625 -44.2750 44.6640
6.57758 -44.2684 44.6576
6.57879 -44.2624 44.6519
6.58010 -44.2642 44.6538
6.56625 -44.2533 44.6414
6.55365 -44.2434 44.6302
6.56773 -44.2487 44.6370
6.58052 -44.2535 44.6433
6.60246 -44.2041 44.5971
6.62991 -44.1909 44.5874
6.64543 -44.1753 44.5738
6.66967 -44.1585 44.5602
6.66743 -44.1616 44.5630
6.67587 -44.1753 44.5775
6.68424 -44.1761 44.5793
6.67173 -44.1460 44.5481
6.68847 -44.0995 44.5042
6.70265 -44.0478 44.4550
6.68016 -44.0052 44.4102
6.63592 -43.9840 44.3840
6.62621 -43.9346 44.3341
6.60595 -43.8961 44.2937
6.65013 -43.8700 44.2733
6.61169 -43.8591 44.2579
6.58988 -43.8454 44.2417
6.53396 -43.8180 44.2081
6.49160 -43.7984 44.1837
6.46685 -43.7673 44.1500
6.45924 -43.7623 44.1442
6.41819 -43.7515 44.1288
6.37358 -43.7646 44.1365
6.32637 -43.7931 44.1592
6.30435 -43.8504 44.2132
6.30202 -43.8805 44.2427
6.28981 -43.9089 44.2694
6.24110 -43.9404 44.2949
6.16926 -43.9719 44.3180
6.10904 -44.0122 44.3511
6.08508 -44.0595 44.3953
6.07199 -44.0908 44.4247
6.05726 -44.1299 44.4618
6.03826 -44.1436 44.4733
6.02911 -44.1099 44.4389
6.02534 -44.0816 44.4106
6.01491 -44.0633 44.3913
6.00814 -44.0538 44.3812
6.03936 -44.0482 44.3790
6.06169 -44.0474 44.3807
6.05409 -44.0233 44.3560
6.06052 -43.9794 44.3134
6.06112 -43.9378 44.2723
6.03547 -43.8918 44.2240
6.02074 -43.8445 44.1757
6.00378 -43.7901 44.1199
5.97394 -43.7386 44.0657
5.92757 -43.6782 44.0010
5.91417 -43.6208 43.9427
5.91539 -43.5955 43.9179
5.90127 -43.6185 43.9391
5.86105 -43.6327 43.9489
5.82492 -43.6278 43.9401
5.76452 -43.6064 43.9125
5.71715 -43.6222 43.9232
5.67752 -43.6366 43.9333
5.64447 -43.6382 43.9314
5.65652 -43.6203 43.9150
5.68242 -43.6157 43.9130
5.72297 -43.6352 43.9366
5.74264 -43.6849 43.9879
5.77097 -43.7050 44.0107
5.77051 -43.7217 44.0272
5.76838 -43.7361 44.0413
5.76645 -43.7492 44.0540
5.78191 -43.7220 44.0288
5.82951 -43.7125 44.0244
5.87002 -43.7043 44.0206
5.92693 -43.6783 44.0011
6.00726 -43.6603 43.9920
6.11723 -43.6402 43.9843
6.17076 -43.6101 43.9606
6.20375 -43.5880 43.9425
6.22697 -43.5955 43.9526
6.23179 -43.6393 43.9964
6.23583 -43.6806 44.0377
6.26481 -43.7107 44.0707
6.28342 -43.7062 44.0684
6.29280 -43.7172 44.0804
6.32481 -43.7599 44.1262
6.32483 -43.8518 44.2170
6.28834 -43.9782 44.3376
6.19430 -44.0905 44.4379
6.12142 -44.1461 44.4849
6.06991 -44.1586 44.4915
6.02725 -44.1345 44.4630
5.97453 -44.1095 44.4326
5.95734 -44.0767 44.3983
5.94100 -44.0468 44.3670
5.92756 -44.0051 44.3243
5.96114 -43.9301 44.2538
6.05191 -43.8122 44.1471
6.12691 -43.6714 44.0163
6.17332 -43.5770 43.9283
6.22182 -43.5470 43.9041
6.28706 -43.5167 43.8816
6.32177 -43.4501 43.8200
6.34265 -43.3809 43.7540
6.35420 -43.3677 43.7424
6.36279 -43.3680 43.7436
6.37382 -43.3298 43.7073
6.39460 -43.3008 43.6811
6.43914 -43.3624 43.7471
6.43963 -43.4887 43.8719
6.39597 -43.6111 43.9875
6.34748 -43.7105 44.0801
6.24348 -43.8002 44.1567
6.16706 -43.8365 44.1839
6.13031 -43.8294 44.1727
6.09531 -43.8336 44.1730
6.07005 -43.8680 44.2043
6.06961 -43.9190 44.2547
6.13347 -43.9659 44.3080
6.19652 -43.9941 44.3429
6.17601 -44.0154 44.3617
6.15993 -44.0189 44.3634
6.13143 -44.0202 44.3615
6.11453 -43.9967 44.3364
6.10722 -43.9528 44.2922
6.09229 -43.9329 44.2709
6.10753 -43.9253 44.2651
6.13794 -43.9072 44.2505
6.15878 -43.8738 44.2198
6.17885 -43.8434 44.1920
6.20784 -43.8059 44.1583
6.23372 -43.7573 44.1132
6.23768 -43.7223 44.0791
6.22079 -43.7210 44.0759
6.22981 -43.7297 44.0855
6.18659 -43.7144 44.0655
6.18035 -43.6867 44.0374
6.16474 -43.6855 44.0344
6.14698 -43.7361 44.0824
6.14286 -43.7705 44.1160
6.13444 -43.8025 44.1466
6.10216 -43.8271 44.1674
6.07282 -43.8495 44.1863
6.04614 -43.8698 44.2034
6.07269 -43.8817 44.2181
6.01139 -43.9276 44.2568
5.99232 -43.9276 44.2547
5.99361 -43.9337 44.2608
6.00009 -43.9231 44.2511
5.99791 -43.9177 44.2454
6.00757 -43.9092 44.2382
6.02079 -43.9017 44.2321
6.03073 -43.8685 44.2004
6.04423 -43.8037 44.1378
6.07066 -43.7547 44.0923
6.11313 -43.7172 44.0600
6.14598 -43.6911 44.0379
6.14779 -43.6697 44.0169
6.18476 -43.6562 44.0077
6.22273 -43.6631 44.0189
6.22960 -43.6690 44.0255
6.24317 -43.6356 43.9941
6.24689 -43.6175 43.9766
6.24467 -43.6037 43.9627
6.23946 -43.5903 43.9489
6.24457 -43.6034 43.9624
6.24668 -43.6451 44.0039
6.22651 -43.6805 44.0365
6.19281 -43.7095 44.0614
6.17275 -43.7103 44.0598
6.15864 -43.6885 44.0368
6.15520 -43.6934 44.0412
6.13910 -43.7016 44.0475
6.13255 -43.6986 44.0438
6.12016 -43.7020 44.0457
6.11809 -43.6970 44.0406
6.10662 -43.6915 44.0338
6.10213 -43.6645 44.0067
6.09661 -43.6491 43.9908
6.09865 -43.6253 43.9675
6.11320 -43.6172 43.9611
6.12061 -43.5997 43.9447
6.12300 -43.5894 43.9348
6.12517 -43.5801 43.9258
6.13769 -43.5669 43.9142
6.14773 -43.5649 43.9134
6.14886 -43.5744 43.9229
6.16458 -43.5837 43.9339
6.15739 -43.5841 43.9334
6.15107 -43.5916 43.9401
6.13774 -43.5973 43.9442
6.14944 -43.5961 43.9444
6.15131 -43.6095 43.9578
6.14751 -43.6361 43.9837
6.16120 -43.6539 44.0029
6.17070 -43.6594 44.0093
6.16817 -43.6534 44.0031
6.14799 -43.6635 44.0108
6.13517 -43.6789 44.0246
6.12853 -43.6899 44.0348
6.12289 -43.6931 44.0373
6.12107 -43.6995 44.0434
6.10250 -43.7011 44.0429
6.09729 -43.7032 44.0444
6.08959 -43.6949 44.0353
6.08397 -43.6936 44.0335
6.06671 -43.6912 44.0291
6.06039 -43.6870 44.0243
6.06039 -43.6649 44.0024
6.06344 -43.6638 44.0016
6.05406 -43.6448 43.9818
6.05340 -43.6338 43.9709
6.04946 -43.6261 43.9628
6.02984 -43.6365 43.9710
6.02902 -43.6199 43.9545
6.04653 -43.6170 43.9536
6.07388 -43.6020 43.9417
6.09879 -43.5832 43.9259
6.10946 -43.5750 43.9190
6.10253 -43.5715 43.9148
6.09434 -43.5671 43.9095
6.08710 -43.5588 43.9005
6.08707 -43.5164 43.8587
6.09422 -43.4678 43.8114
6.11181 -43.4365 43.7825
6.12501 -43.4114 43.7592
6.13294 -43.3902 43.7390
6.15548 -43.4020 43.7533
6.15666 -43.4172 43.7684
6.17682 -43.4351 43.7884
6.19335 -43.4500 43.8050
6.19429 -43.4645 43.8195
6.17353 -43.5011 43.8533
6.16474 -43.5477 43.8983
6.17128 -43.5865 43.9374
6.17749 -43.6136 43.9648
6.18711 -43.6670 44.0187
6.18535 -43.7102 44.0612
6.16630 -43.7506 44.0989
6.18099 -43.7971 44.1466
6.17113 -43.8694 44.2168
6.13581 -43.9497 44.2923
6.09218 -44.0336 44.3704
6.03978 -44.0883 44.4187
6.01224 -44.0897 44.4171
6.00372 -44.0601 44.3869
5.96568 -44.0489 44.3718
5.93974 -44.0585 44.3785
5.90980 -44.0881 44.4045
5.90723 -44.1283 44.4441
5.90023 -44.1533 44.4680
5.88906 -44.1626 44.4760
5.89297 -44.1666 44.4804
5.89323 -44.1801 44.4938
5.91809 -44.1977 44.5138
5.91322 -44.2100 44.5255
5.92862 -44.2266 44.5435
5.94225 -44.2016 44.5202
5.93005 -44.1851 44.5026
5.95927 -44.1619 44.4828
5.97883 -44.1383 44.4615
6.03018 -44.1005 44.4297
6.07528 -44.0723 44.4068
6.11310 -44.0534 44.3923
6.18056 -44.0359 44.3825
6.24190 -44.0200 44.3737
6.29765 -44.0055 44.3657
6.32573 -43.9929 44.3564
6.36136 -43.9675 44.3354
6.41392 -43.9146 44.2893
6.46170 -43.8665 44.2474
6.51676 -43.8703 44.2576
6.56681 -43.8738 44.2670
6.61231 -43.8769 44.2755
6.58557 -43.9166 44.3115
6.52979 -43.9611 44.3488
6.47447 -43.9622 44.3434
6.40273 -43.9646 44.3374
6.33752 -43.9668 44.3320
6.25359 -43.9458 44.3017
6.17991 -43.9210 44.2688
6.16299 -43.9145 44.2606
6.14620 -43.9306 44.2746
6.08643 -43.9565 44.2936
6.04812 -43.9784 44.3110
6.05198 -43.9388 44.2723
6.01947 -43.9019 44.2322
6.03254 -43.8762 44.2082
6.01096 -43.8941 44.2236
6.00786 -43.9001 44.2292
6.03027 -43.8856 44.2173
6.03506 -43.8604 44.1929
6.07636 -43.8346 44.1720
6.10935 -43.8593 44.2000
6.16272 -43.8689 44.2154
6.18603 -43.9001 44.2489
6.18348 -43.9191 44.2674
6.19844 -43.9314 44.2812
6.20534 -43.9726 44.3227
6.18375 -44.0427 44.3896
6.19592 -44.0820 44.4297
6.21103 -44.0772 44.4267
6.19008 -43.9795 44.3278
6.21273 -43.8595 44.2118
6.18423 -43.8171 44.1666
6.14045 -43.8073 44.1521
6.05103 -43.7959 44.1309
5.96419 -43.8174 44.1426
5.85964 -43.8979 44.2111
5.74873 -43.9640 44.2648
5.64172 -44.0150 44.3042
5.57690 -44.0295 44.3120
5.51744 -43.9903 44.2671
5.47009 -43.9055 44.1785
5.46750 -43.8513 44.1244
5.45969 -43.7857 44.0587
5.42747 -43.7033 43.9739
5.43964 -43.6448 43.9172
5.45004 -43.5869 43.8608
5.49170 -43.5381 43.8166
5.53834 -43.4792 43.7631
5.54538 -43.4243 43.7094
5.57092 -43.3553 43.6437
5.63362 -43.2679 43.5637
5.70614 -43.1901 43.4944
5.73708 -43.1832 43.4908
5.76520 -43.1770 43.4877
5.78794 -43.1704 43.4837
5.81860 -43.1280 43.4449
5.79961 -43.0931 43.4084
5.75456 -43.0551 43.3660
5.74085 -43.0253 43.3350
5.72349 -43.0344 43.3421
5.73164 -43.0525 43.3609
5.74213 -43.0819 43.3911
5.72614 -43.1336 43.4405
5.72553 -43.1850 43.4913
5.72496 -43.2317 43.5375
5.71129 -43.2650 43.5690
5.68677 -43.2951 43.5962
5.64571 -43.3188 43.6154
5.64080 -43.3260 43.6220
5.65550 -43.3351 43.6325
5.69014 -43.3395 43.6405
5.70923 -43.3133 43.6166
5.73031 -43.2937 43.5994
5.76970 -43.2754 43.5855
5.80552 -43.2588 43.5729
5.85793 -43.2392 43.5592
5.89003 -43.2413 43.5648
5.91166 -43.2401 43.5660
5.93267 -43.2638 43.5917
5.95662 -43.2615 43.5921
5.96899 -43.2189 43.5514
5.98482 -43.1986 43.5330
6.01212 -43.1759 43.5137
6.02518 -43.1573 43.4968
6.03287 -43.1657 43.5059
6.08665 -43.1895 43.5355
6.11232 -43.2423 43.5906
6.11877 -43.3279 43.6759
6.08229 -43.3988 43.7419
6.07045 -43.4358 43.7771
6.06723 -43.4792 43.8197
6.03506 -43.5009 43.8375
6.00677 -43.5090 43.8423
5.96306 -43.5019 43.8306
5.92728 -43.4764 43.8014
5.91002 -43.4116 43.7355
5.88886 -43.3230 43.6455
5.87777 -43.2389 43.5611
5.90270 -43.1675 43.4932
5.93901 -43.1203 43.4506
5.98700 -43.1217 43.4573
6.02207 -43.1641 43.5032
6.01234 -43.1548 43.4928
6.02942 -43.1059 43.4464
6.03529 -43.1376 43.4784
6.03435 -43.1925 43.5326
6.00487 -43.2552 43.5912
6.01720 -43.3087 43.6455
6.06839 -43.3779 43.7196
6.12320 -43.4342 43.7815
6.15165 -43.5057 43.8553
6.18225 -43.5448 43.8974
6.17860 -43.5914 43.9431
6.14026 -43.6109 43.9579
6.11440 -43.6075 43.9517
6.13395 -43.6061 43.9525
6.14340 -43.6086 43.9561
6.16017 -43.6133 43.9626
6.19964 -43.6320 43.9855
6.26623 -43.6447 44.0057
6.26069 -43.6239 43.9845
6.26072 -43.5769 43.9381
6.23020 -43.5486 43.9067
6.19488 -43.5289 43.8832
6.15217 -43.5377 43.8870
6.14445 -43.5862 43.9340
6.13362 -43.6079 43.9542
6.13970 -43.6053 43.9524
6.18986 -43.5816 43.9347
6.22815 -43.5770 43.9345
6.22420 -43.5882 43.9450
6.18750 -43.5867 43.9394
6.14620 -43.6008 43.9487
6.07582 -43.6368 43.9763
6.04951 -43.6793 44.0155
6.02343 -43.7143 44.0472
6.01848 -43.7409 44.0729
6.03219 -43.7586 44.0919
6.07364 -43.7929 44.1304
6.12361 -43.8497 44.1921
6.10993 -43.9354 44.2753
6.07369 -43.9991 44.3343
6.03657 -44.0370 44.3677
6.00101 -44.0411 44.3678
5.94014 -44.0337 44.3540
5.92958 -44.0252 44.3444
5.94152 -44.0081 44.3288
5.95517 -43.9825 44.3050
5.95633 -43.9443 44.2673
5.98362 -43.8964 44.2229
6.01008 -43.8326 44.1626
6.00958 -43.7766 44.1072
6.01969 -43.7183 44.0508
6.01394 -43.6663 43.9986
6.01210 -43.6358 43.9683
6.02641 -43.6269 43.9611
6.06340 -43.6287 43.9669
6.08574 -43.6441 43.9847
6.09390 -43.6605 44.0018
6.09734 -43.6640 44.0056
6.09035 -43.6771 44.0178
6.08114 -43.6896 44.0291
6.06444 -43.7162 44.0536
6.04835 -43.7740 44.1089
6.02474 -43.8502 44.1816
5.98349 -43.9232 44.2494
5.92466 -43.9932 44.3122
5.83602 -44.0523 44.3613
5.78333 -44.0897 44.3928
5.71265 -44.1264 44.4217
5.66354 -44.1842 44.4739
5.62004 -44.2103 44.4953
5.57105 -44.2406 44.5204
5.53912 -44.2536 44.5301
5.52404 -44.2500 44.5251
5.52834 -44.2503 44.5258
5.51541 -44.2407 44.5150
5.50597 -44.2132 44.4868
5.51099 -44.1826 44.4570
5.50965 -44.1229 44.3978
5.51786 -44.0677 44.3438
5.54074 -44.0351 44.3139
5.56803 -44.0089 44.2906
5.58247 -43.9661 44.2497
5.59633 -43.9420 44.2273
5.61199 -43.9216 44.2086
5.61050 -43.8986 44.1857
5.61318 -43.8803 44.1679
5.60520 -43.8584 44.1454
5.58186 -43.8460 44.1307
5.57885 -43.8288 44.1134
5.57879 -43.8270 44.1116
5.56333 -43.8231 44.1061
5.55130 -43.8268 44.1087
5.55160 -43.8575 44.1390
5.55935 -43.8899 44.1719
5.55033 -43.9066 44.1875
5.54713 -43.9216 44.2021
5.54220 -43.9238 44.2038
5.54075 -43.9148 44.1947
5.54904 -43.8932 44.1741
5.54709 -43.9078 44.1884
5.54065 -43.9104 44.1904
5.51344 -43.9028 44.1801
5.49757 -43.9213 44.1968
5.48138 -43.9363 44.2101
5.47711 -43.9404 44.2137
5.49357 -43.9382 44.2132
5.50413 -43.9442 44.2202
5.50983 -43.9540 44.2305
5.51022 -43.9368 44.2135
5.50140 -43.9279 44.2037
5.48843 -43.9159 44.1905
5.48100 -43.8984 44.1725
5.47401 -43.8908 44.1643
5.45441 -43.8943 44.1658
5.42103 -43.9120 44.1800
5.41840 -43.9163 44.1840
5.42146 -43.9054 44.1735
5.43048 -43.9090 44.1780
5.44431 -43.8969 44.1673
5.45002 -43.8965 44.1675
5.47758 -43.8963 44.1700
5.49725 -43.9106 44.1862
5.50049 -43.9229 44.1987
5.49924 -43.9016 44.1774
5.51322 -43.8982 44.1755
5.51314 -43.8879 44.1653
5.50955 -43.8903 44.1673
5.49672 -43.9044 44.1800
5.49436 -43.9201 44.1953
5.49429 -43.9052 44.1806
5.49154 -43.8954 44.1705
5.50423 -43.8782 44.1548
5.52213 -43.8545 44.1331
5.55993 -43.8541 44.1365
5.58075 -43.8707 44.1550
5.57703 -43.8822 44.1660
5.55989 -43.8940 44.1760
5.55427 -43.8814 44.1629
5.54531 -43.8341 44.1152
5.55303 -43.7845 44.0669
5.55201 -43.7206 44.0035
5.56415 -43.6814 43.9659
5.58483 -43.6594 43.9462
5.59721 -43.6219 43.9103
5.63161 -43.5903 43.8827
5.67156 -43.5858 43.8824
5.70740 -43.5671 43.8676
5.71408 -43.5696 43.8708
5.71734 -43.5897 43.8910
5.73172 -43.6251 43.9275
5.73063 -43.6571 43.9591
5.73238 -43.7022 44.0039
5.73043 -43.7350 44.0362
5.74881 -43.7576 44.0605
5.74401 -43.7791 44.0812
5.77058 -43.8121 44.1167
5.76976 -43.8375 44.1417
5.78126 -43.8832 44.1882
5.79433 -43.9483 44.2539
5.80984 -43.9993 44.3061
5.83721 -44.0721 44.3810
5.84825 -44.1410 44.4503
5.87505 -44.2136 44.5250
5.87601 -44.2579 44.5689
5.85771 -44.2701 44.5791
5.89265 -44.2537 44.5665
5.93069 -44.2060 44.5234
5.97972 -44.1697 44.4927
6.01863 -44.1345 44.4621
6.05496 -44.1071 44.4390
6.10064 -44.0631 44.4005
6.15203 -44.0340 44.3775
6.14029 -43.9872 44.3299
6.10238 -43.9123 44.2516
6.08080 -43.8049 44.1431
6.06708 -43.7034 44.0412
6.07250 -43.6471 43.9862
6.07742 -43.5960 43.9362
6.08894 -43.5744 43.9162
6.10653 -43.5416 43.8857
6.16724 -43.4925 43.8440
6.23987 -43.4475 43.8079
6.26050 -43.4172 43.7804
6.29656 -43.3582 43.7262
6.34712 -43.2886 43.6635
6.39821 -43.2597 43.6410
6.45795 -43.2342 43.6229
6.53172 -43.2412 43.6387
6.58322 -43.2490 43.6526
6.64968 -43.1896 43.6023
6.70826 -43.1305 43.5513
6.72676 -43.1121 43.5355
6.75346 -43.1424 43.5687
6.77774 -43.1700 43.5989
6.76038 -43.2599 43.6853
6.72687 -43.3919 43.8112
6.65397 -43.4751 43.8843
6.63694 -43.5003 43.9071
6.62145 -43.5232 43.9277
6.60737 -43.5440 43.9465
6.59457 -43.5629 43.9636
6.58293 -43.5800 43.9791
6.57235 -43.5956 43.9933
6.45858 -43.6352 44.0187
6.38904 -43.6034 43.9791
6.28028 -43.5351 43.8991
6.19410 -43.4549 43.8100
6.10480 -43.3701 43.7160
6.02360 -43.2930 43.6307
5.97747 -43.1909 43.5247
5.94195 -43.1260 43.4566
5.89468 -43.0772 43.4030
5.84661 -43.0658 43.3865
5.80867 -43.0448 43.3616
5.76006 -42.9914 43.3035
5.69272 -42.9151 43.2208
5.61744 -42.8522 43.1505
5.59961 -42.8126 43.1094
5.58248 -42.8060 43.1011
5.51183 -42.8326 43.1200
5.45729 -42.8560 43.1375
5.42654 -42.8894 43.1675
5.34234 -42.9351 43.2043
5.28180 -42.9931 43.2557
5.27579 -43.0829 43.3440
5.22838 -43.1673 43.4231
5.19608 -43.2598 43.5117
5.16131 -43.3511 43.5988
5.11130 -43.4332 43.6755
5.03770 -43.5092 43.7439
4.99692 -43.5417 43.7725
4.97749 -43.5447 43.7736
4.99596 -43.5372 43.7679
5.03871 -43.5120 43.7468
5.08195 -43.4929 43.7319
5.12691 -43.4725 43.7159
5.18078 -43.4384 43.6873
5.21112 -43.3767 43.6290
5.23869 -43.3205 43.5760
5.31440 -43.2219 43.4856
5.36843 -43.1795 43.4490
5.43522 -43.1477 43.4243
5.50163 -43.1416 43.4250
5.54925 -43.1641 43.4522
5.59077 -43.1886 43.4808
5.66382 -43.1814 43.4813
5.68252 -43.1743 43.4762
5.65770 -43.2276 43.5263
5.62455 -43.2933 43.5879
5.58950 -43.3349 43.6255
5.54862 -43.3623 43.6483
5.54583 -43.3794 43.6650
5.56131 -43.4083 43.6952
5.57028 -43.4469 43.7343
5.56289 -43.5011 43.7873
5.56639 -43.5655 43.8514
5.57296 -43.5484 43.8352
5.58822 -43.4900 43.7789
5.61099 -43.4056 43.6977
5.65282 -43.3485 43.6455
5.69581 -43.3364 43.6380
5.69340 -43.3149 43.6165
5.69682 -43.2861 43.5884
5.74247 -43.2718 43.5791
5.78185 -43.2360 43.5478
5.84193 -43.1801 43.4991
5.89192 -43.1329 43.4578
5.94918 -43.0816 43.4134
6.07602 -43.0321 43.3788
6.22226 -43.0445 43.4078
6.27910 -43.0918 43.4612
6.23523 -43.1568 43.5203
6.19451 -43.1664 43.5250
6.17302 -43.1012 43.4581
6.13561 -43.0305 43.3839
6.08796 -43.0321 43.3801
6.07873 -43.1158 43.4618
6.06461 -43.2328 43.5758
6.01287 -43.3774 43.7130
5.96581 -43.5089 43.8377
5.89792 -43.5976 43.9181
5.82449 -43.6321 43.9443
5.78146 -43.6399 43.9474
5.71132 -43.6895 43.9892
5.64393 -43.7437 44.0358
5.65648 -43.7618 44.0550
5.69378 -43.7443 44.0415
5.70251 -43.7046 44.0032
5.73072 -43.6947 43.9963
5.76173 -43.7037 44.0085
5.75822 -43.6610 43.9659
5.73177 -43.5981 43.9008
5.74750 -43.5460 43.8510
5.78017 -43.5183 43.8270
5.81233 -43.4737 43.7863
5.83181 -43.4582 43.7730
5.85432 -43.4755 43.7926
5.85746 -43.4718 43.7893
5.87299 -43.4658 43.7850
5.88201 -43.4534 43.7737
5.89539 -43.4444 43.7663
5.88822 -43.4370 43.7582
5.86436 -43.4495 43.7680
5.86963 -43.4647 43.7836
5.89451 -43.4233 43.7453
5.93514 -43.4105 43.7371
5.96006 -43.4354 43.7645
5.99783 -43.4514 43.7844
5.98753 -43.4615 43.7933
5.97818 -43.4483 43.7792
5.97564 -43.4564 43.7869
5.95671 -43.4428 43.7714
5.93951 -43.4305 43.7574
5.96472 -43.4257 43.7553
5.96503 -43.4173 43.7471
5.96038 -43.4159 43.7452
5.98958 -43.3936 43.7264
5.97952 -43.3806 43.7124
5.98286 -43.3720 43.7042
5.96931 -43.3645 43.6954
5.92991 -43.3566 43.6832
5.89628 -43.3233 43.6466
5.90045 -43.3000 43.6240
5.88823 -43.3163 43.6388
5.87723 -43.3316 43.6528
5.90163 -43.3460 43.6697
5.85841 -43.3565 43.6753
5.86246 -43.3448 43.6642
5.89226 -43.3540 43.6766
5.92885 -43.3613 43.6878
5.96656 -43.3895 43.7198
5.99742 -43.4247 43.7580
6.02822 -43.4711 43.8073
6.05771 -43.4965 43.8357
6.09710 -43.5316 43.8747
6.13382 -43.5728 43.9196
6.17188 -43.6355 43.9859
6.19033 -43.6818 44.0337
6.19642 -43.7263 44.0783
6.18534 -43.7584 44.1088
6.19675 -43.7455 44.0974
6.21456 -43.7035 44.0579
6.24172 -43.6414 43.9996
6.24325 -43.5990 43.9579
6.25261 -43.5486 43.9092
6.28454 -43.4922 43.8572
6.29860 -43.4472 43.8144
6.31277 -43.4021 43.7715
6.31014 -43.3712 43.7407
6.29169 -43.3250 43.6929
6.26415 -43.2818 43.6471
6.25623 -43.2142 43.5794
6.22933 -43.1912 43.5535
6.21213 -43.1771 43.5376
6.17807 -43.1670 43.5237
6.13778 -43.1438 43.4962
6.10140 -43.1150 43.4636
6.07384 -43.0950 43.4407
6.03072 -43.0642 43.4054
5.98366 -43.0723 43.4081
5.91205 -43.1406 43.4676
5.84694 -43.2026 43.5219
5.76731 -43.2735 43.5834
5.73862 -43.3096 43.6160
5.72067 -43.3254 43.6298
5.70744 -43.3402 43.6430
5.70245 -43.3643 43.6663
5.72633 -43.4014 43.7056
5.77134 -43.4482 43.7567
5.80800 -43.4917 43.8036
5.85953 -43.5282 43.8453
5.90318 -43.5576 43.8791
5.94286 -43.5844 43.9099
5.97960 -43.5968 43.9262
6.00537 -43.5845 43.9168
6.02922 -43.5805 43.9155
6.04497 -43.5761 43.9129
6.05349 -43.5802 43.9180
6.05850 -43.5750 43.9133
6.05218 -43.5595 43.8973
6.01577 -43.5576 43.8915
5.99994 -43.5334 43.8658
5.98404 -43.5103 43.8411
5.96338 -43.4901 43.8189
5.95494 -43.4707 43.7988
5.92723 -43.4580 43.7832
5.90625 -43.4404 43.7635
5.88663 -43.4255 43.7467
5.87394 -43.3889 43.7091
5.87906 -43.3560 43.6770
5.87900 -43.3209 43.6424
5.87577 -43.3106 43.6318
5.87946 -43.3129 43.6345
5.89719 -43.3261 43.6495
5.90822 -43.3498 43.6741
5.92023 -43.3585 43.6841
5.93020 -43.3782 43.7046
5.93596 -43.3853 43.7123
5.92736 -43.3843 43.7103
5.90847 -43.3917 43.7156
5.91298 -43.4072 43.7314
5.90251 -43.4194 43.7423
5.89299 -43.4304 43.7522
5.88243 -43.4246 43.7453
