0.495726 0.896459
0.493773 0.895482
0.494505 0.899390
0.495238 0.898657
0.494505 0.897436
0.494750 0.899634
0.494505 0.896948
0.495238 0.896703
0.494994 0.897192
0.494994 0.896948
0.494750 0.896703
0.494505 0.897192
0.494261 0.900122
0.493529 0.899145
0.494505 0.897436
0.491575 0.896459
0.494261 0.897192
0.494261 0.897436
0.493773 0.897680
0.494261 0.900855
0.493773 0.896948
0.493529 0.900122
0.494261 0.899145
0.493773 0.898901
0.494261 0.899145
0.494750 0.900855
0.483272 0.899634
0.495238 0.905983
0.495482 0.899878
0.494994 0.900366
0.496459 0.900611
0.495482 0.902808
0.495238 0.900122
0.494994 0.899390
0.495726 0.899878
0.495971 0.902320
0.497924 0.901099
0.496459 0.908425
0.497680 0.901343
0.496459 0.901587
0.490354 0.901587
0.496703 0.902320
0.496947 0.901099
0.496459 0.902320
0.496947 0.901832
0.497680 0.902320
0.496459 0.902564
0.496459 0.901587
0.496215 0.902564
0.497192 0.902076
0.495971 0.903541
0.485714 0.902320
0.495971 0.904029
0.496947 0.905006
0.496459 0.902076
0.496947 0.903785
0.496459 0.901343
0.496947 0.902320
0.498168 0.900855
0.497192 0.903785
0.498657 0.902808
0.498413 0.904029
0.498657 0.902808
0.499145 0.904518
0.498901 0.901099
0.497924 0.902320
0.499389 0.901099
0.498168 0.901587
0.497924 0.902076
0.498657 0.902808
0.497924 0.903541
0.498901 0.904518
0.498168 0.901832
0.498168 0.901343
0.498413 0.902564
0.497924 0.901343
0.498168 0.903053
0.498901 0.900611
0.498168 0.901587
0.498901 0.903785
0.498901 0.904029
0.498168 0.901832
0.497924 0.901587
0.498413 0.902076
0.499634 0.903541
0.500122 0.904518
0.497192 0.902076
0.498413 0.900855
0.498413 0.904274
0.498168 0.900855
0.499634 0.900855
0.499634 0.901587
0.497924 0.899878
0.498413 0.903297
0.496947 0.899145
0.498413 0.899390
0.499634 0.899634
0.498413 0.902076
0.498413 0.897924
0.499634 0.902076
0.492308 0.898657
0.497924 0.901099
0.497924 0.898657
0.497924 0.899145
0.498168 0.901587
0.497436 0.896459
0.498168 0.899390
0.498657 0.901099
0.497680 0.898169
0.497680 0.899145
0.497436 0.898657
0.498657 0.898657
0.497192 0.899634
0.496947 0.898901
0.497436 0.898901
0.497436 0.901099
0.497436 0.901099
0.497436 0.901099
0.497924 0.903541
0.498901 0.903541
0.497924 0.901099
0.497924 0.902808
0.497436 0.900366
0.496947 0.899878
0.498168 0.899145
0.498413 0.899145
0.498657 0.899145
0.499634 0.899145
0.500122 0.899390
0.499145 0.898657
0.499878 0.899390
0.500366 0.901099
0.500122 0.898901
0.501343 0.898657
0.500366 0.907204
0.500122 0.902320
0.500855 0.901832
0.500366 0.901099
0.500366 0.901099
0.499389 0.901587
0.499389 0.900122
0.500122 0.901099
0.500122 0.901343
0.499145 0.902320
0.499145 0.903297
0.500122 0.901587
0.499389 0.904518
0.499145 0.904518
0.499145 0.904518
0.494994 0.902564
0.498413 0.904274
0.499634 0.903053
0.498168 0.902320
0.499389 0.905495
0.498413 0.903297
0.498901 0.905006
0.499145 0.905250
0.497924 0.902076
0.497924 0.903541
0.498413 0.903785
0.497680 0.901099
0.498901 0.905006
0.499145 0.904762
0.498657 0.905739
0.499634 0.901587
0.498168 0.901832
0.498657 0.907204
0.497924 0.901587
0.497436 0.901099
0.498413 0.904274
0.497924 0.903053
0.497680 0.900855
0.497680 0.900366
0.497680 0.900611
0.497192 0.899878
0.496215 0.899145
0.496947 0.899634
0.497192 0.900855
0.496947 0.899390
0.497192 0.898657
0.496459 0.897680
0.497680 0.898169
0.498168 0.897436
0.498657 0.900855
0.499389 0.897680
0.498657 0.904029
0.487179 0.896215
0.496947 0.896215
0.497680 0.897436
0.497680 0.897436
0.496703 0.898657
0.497192 0.895727
0.497192 0.896459
0.495971 0.897680
0.496703 0.895971
0.496459 0.897192
0.497680 0.896703
0.496947 0.895971
0.497436 0.900855
0.493773 0.896459
0.497192 0.897924
0.498901 0.897436
0.496703 0.899634
0.498657 0.897192
0.497436 0.897192
0.498168 0.902808
0.497436 0.898413
0.497680 0.897192
0.498413 0.898413
0.498168 0.900611
0.497924 0.899634
0.497680 0.902320
0.497192 0.900855
0.497436 0.900366
0.496703 0.901099
0.496947 0.901343
0.497924 0.907692
0.497680 0.902320
0.497680 0.900855
0.496215 0.900855
0.497436 0.901343
0.496703 0.901099
0.497924 0.901832
0.497924 0.903297
0.498413 0.900366
0.490842 0.900611
0.499389 0.900855
0.498168 0.903053
0.498901 0.901832
0.499634 0.901587
0.498901 0.901587
0.498901 0.904029
0.497192 0.902076
0.499145 0.901587
0.495482 0.902564
0.493529 0.902564
0.498413 0.902320
0.497680 0.902320
0.497680 0.902320
0.498657 0.905006
0.498413 0.903297
0.497680 0.900611
0.498168 0.903053
0.498901 0.902320
0.496947 0.900855
0.497680 0.900122
0.498901 0.901099
0.498168 0.901343
0.497436 0.899634
0.498168 0.899390
0.498168 0.899390
0.499634 0.899145
0.498168 0.897924
0.497436 0.900122
0.497436 0.898169
0.497924 0.898169
0.497924 0.897192
0.498413 0.897436
0.498413 0.898413
0.498168 0.898657
0.497680 0.898169
0.498657 0.897924
0.496703 0.898657
0.496703 0.898657
0.498901 0.897924
0.497924 0.898657
0.497436 0.901587
0.497192 0.899145
0.497436 0.898657
0.495482 0.899145
0.495726 0.898657
0.496703 0.899634
0.496947 0.901587
0.495971 0.899878
0.494994 0.897436
0.496215 0.899145
0.496947 0.897436
0.496703 0.897192
0.496215 0.896703
0.495971 0.896703
0.493773 0.897680
0.493773 0.897680
0.496459 0.896703
0.496215 0.895971
0.496215 0.897436
0.496459 0.895238
0.497192 0.895727
0.496215 0.895971
0.497192 0.895971
0.497924 0.898901
0.496947 0.895482
0.496947 0.895482
0.497436 0.897436
0.498657 0.895482
0.497924 0.896215
0.497680 0.895727
0.499145 0.895727
0.498168 0.896215
0.498413 0.898413
0.499145 0.898169
0.498657 0.894750
0.497680 0.896215
0.497680 0.896215
0.499878 0.895482
0.501343 0.895238
0.500611 0.895482
0.501832 0.898413
0.500366 0.899145
0.501099 0.896459
0.502076 0.895482
0.501343 0.896459
0.500122 0.894506
0.500122 0.894506
0.500122 0.897924
0.501832 0.897192
0.491819 0.896215
0.500855 0.895971
0.500855 0.895971
0.500855 0.895971
0.502320 0.896703
0.502076 0.897436
0.502076 0.900855
0.502076 0.900855
0.501832 0.896948
0.501587 0.895971
0.502076 0.896948
0.502076 0.900611
0.502320 0.902808
0.499389 0.897436
0.501343 0.900122
0.501587 0.899390
0.501099 0.900366
0.502564 0.900122
0.502076 0.899634
0.500611 0.896459
0.502320 0.896459
0.501832 0.896703
0.500611 0.896703
0.502564 0.900366
0.501099 0.896215
0.502076 0.896703
0.501587 0.895727
0.500611 0.896215
0.501343 0.896459
0.502076 0.902320
0.501587 0.895971
0.500855 0.896948
0.500611 0.895971
0.501587 0.896703
0.500611 0.895727
0.501099 0.899878
0.500366 0.896948
0.501099 0.896215
0.501099 0.896948
0.501587 0.895482
0.501832 0.901099
0.500855 0.902320
0.501587 0.898413
0.501587 0.895482
0.501832 0.895727
0.501099 0.895482
0.501587 0.900855
0.501587 0.896215
0.501587 0.896215
0.501587 0.896459
0.501587 0.897436
0.501587 0.898657
0.500855 0.897680
0.501343 0.898413
0.499634 0.896948
0.501832 0.898413
0.502320 0.896948
0.501099 0.896703
0.501099 0.896703
0.501587 0.896948
0.502320 0.898901
0.502076 0.899878
0.501587 0.895971
0.502076 0.899634
0.501587 0.897192
0.502076 0.897192
0.501099 0.897192
0.501587 0.896703
0.501587 0.897436
0.501587 0.897192
0.501099 0.897436
0.502076 0.897680
0.502076 0.897680
0.501099 0.900366
0.497436 0.897436
0.497436 0.897436
0.497436 0.897436
0.497436 0.897436
0.499389 0.903541
0.500366 0.900855
0.495726 0.901343
0.500366 0.905250
0.499634 0.901832
0.500611 0.907204
0.499389 0.901587
0.499389 0.901587
0.500122 0.900122
0.500611 0.899878
0.500611 0.898901
0.500611 0.898901
0.502564 0.897924
0.504029 0.900611
0.504518 0.898169
0.504518 0.898169
0.504274 0.896215
0.504274 0.896215
0.506716 0.895482
0.506716 0.895482
0.508425 0.895482
0.506471 0.895238
0.506960 0.901099
0.507692 0.894017
0.506960 0.894506
0.506227 0.894261
0.506471 0.893773
0.506716 0.893284
0.506227 0.896215
0.505739 0.894017
0.505495 0.893284
0.505250 0.894750
0.505983 0.894506
0.505739 0.893529
0.505983 0.896215
0.505983 0.893773
0.498168 0.893529
0.506716 0.894994
0.505983 0.893529
0.509158 0.894261
0.509402 0.894261
0.509402 0.895238
0.510623 0.895238
0.512332 0.894017
0.510867 0.894750
0.512576 0.896215
0.512821 0.894506
0.513553 0.893529
0.513553 0.893529
0.513553 0.893529
0.513553 0.894017
0.512576 0.894017
0.512576 0.894017
0.512576 0.894017
0.512576 0.896215
0.513065 0.895482
0.514042 0.894750
0.513553 0.901343
0.515018 0.895727
0.515018 0.895727
0.513309 0.895971
0.514774 0.897680
0.515751 0.895238
0.515018 0.895482
0.512332 0.894261
0.515995 0.895238
0.515018 0.894750
0.514774 0.894261
0.515995 0.898169
0.514774 0.894017
0.515263 0.898901
0.515018 0.895727
0.515018 0.894750
0.513553 0.898169
0.515018 0.900122
0.514530 0.894017
0.512821 0.895482
0.513797 0.894750
0.513309 0.894750
0.511600 0.897680
0.510623 0.896215
0.509646 0.895727
0.508913 0.894017
0.508669 0.894261
0.508913 0.894750
0.508913 0.894017
0.507692 0.894750
0.507692 0.894750
0.507692 0.894750
0.507692 0.894750
0.505739 0.892796
0.505983 0.891819
0.505006 0.893040
0.505006 0.893040
0.502564 0.895238
0.502564 0.895238
0.494750 0.892796
0.497680 0.891819
0.496459 0.894261
0.495971 0.891575
0.494261 0.891819
0.493773 0.898169
0.492308 0.894750
0.490598 0.892552
0.488645 0.890598
0.486935 0.892796
0.485714 0.890354
0.484005 0.891087
0.482784 0.889377
0.481807 0.892796
0.481807 0.887668
0.480586 0.884982
0.480586 0.883272
0.480586 0.883272
0.476435 0.882051
0.476435 0.882051
0.474725 0.878632
0.474725 0.878632
0.472039 0.876679
0.464225 0.876190
0.471062 0.873504
0.471306 0.876679
0.470330 0.876190
0.470330 0.873260
0.469841 0.872527
0.468864 0.871551
0.468376 0.869841
0.466667 0.868864
0.468376 0.868864
0.467643 0.869109
0.467888 0.867643
0.468376 0.870330
0.467643 0.866422
0.469597 0.864957
0.469597 0.864957
0.469597 0.864957
0.469597 0.864957
0.469353 0.864713
0.470330 0.869353
0.469597 0.863248
0.469109 0.864469
0.468864 0.863980
0.469353 0.862271
0.470330 0.862027
0.469353 0.860562
0.470085 0.861050
0.468864 0.861050
0.470574 0.864957
0.468376 0.860317
0.469353 0.858608
0.468864 0.859341
0.467643 0.860806
0.469109 0.857875
0.469109 0.857875
0.469109 0.857875
0.469353 0.856410
0.466178 0.856654
0.467155 0.857143
0.466667 0.857631
0.466667 0.858364
0.465690 0.860073
0.466667 0.863248
0.466667 0.862515
0.466422 0.864713
0.465446 0.863004
0.466911 0.864225
0.465934 0.863736
0.466667 0.864469
0.466178 0.864713
0.465446 0.864225
0.465446 0.868132
0.466178 0.870574
0.465690 0.874237
0.465690 0.873748
0.466178 0.876923
0.466178 0.876923
0.466667 0.879365
0.466178 0.883761
0.467888 0.885958
0.467888 0.890598
0.468132 0.893284
0.467888 0.891819
0.468620 0.893040
0.470085 0.897680
0.470085 0.897680
0.470574 0.902564
0.472283 0.904274
0.472283 0.908425
0.473993 0.912088
0.473260 0.915263
0.475214 0.917460
0.474725 0.920879
0.475214 0.921856
0.476435 0.927228
0.477656 0.925519
0.477167 0.928449
0.478877 0.932112
0.480586 0.933089
0.482051 0.934799
0.483761 0.934554
0.484493 0.938706
0.483761 0.936264
0.482784 0.935043
0.482784 0.935043
0.481074 0.934310
0.482784 0.933578
0.482784 0.933578
0.484737 0.932845
0.485714 0.932845
0.486691 0.930159
0.487668 0.929182
0.488400 0.927717
0.487179 0.929426
0.491087 0.933578
0.489377 0.922833
0.489133 0.922833
0.489621 0.919170
0.490110 0.916728
0.490110 0.913309
0.489866 0.908425
0.491087 0.911355
0.490110 0.904029
0.490354 0.909890
0.489866 0.908425
0.487912 0.900855
0.487424 0.897436
0.487424 0.894261
0.486935 0.893529
0.486691 0.891331
0.485714 0.889621
0.485470 0.889377
0.484493 0.889866
0.483761 0.886691
0.484249 0.887668
0.483516 0.884737
0.482540 0.883272
0.482540 0.883272
0.481807 0.879121
0.479121 0.878144
0.469841 0.876190
0.477900 0.877411
0.474481 0.878632
0.475946 0.872283
0.474969 0.872772
0.473260 0.870818
0.471062 0.871306
0.472039 0.876435
0.467888 0.872039
0.469109 0.873748
0.468864 0.876190
0.468864 0.880342
0.468132 0.879121
0.468132 0.880586
0.467399 0.879853
0.467155 0.879365
0.468376 0.880342
0.467888 0.883028
0.469353 0.881563
0.468132 0.880830
0.470330 0.884493
0.469841 0.882540
0.470818 0.885958
0.472527 0.884249
0.473016 0.888400
0.473016 0.890110
0.470818 0.884005
0.472527 0.884005
0.475458 0.885226
0.475946 0.887668
0.476923 0.884249
0.476923 0.884737
0.476190 0.887179
0.477656 0.888889
0.475214 0.891819
0.475702 0.892796
0.474725 0.894506
0.474237 0.895971
0.474725 0.897680
0.476190 0.895482
0.477411 0.894017
0.478877 0.894261
0.481074 0.892796
0.481074 0.893284
0.482051 0.894261
0.482295 0.891819
0.482295 0.891819
0.482295 0.890842
0.482784 0.890110
0.482784 0.890110
0.481563 0.890842
0.482784 0.889866
0.482540 0.893284
0.482295 0.890842
0.483028 0.890110
0.484005 0.891575
0.484005 0.892552
0.485226 0.899390
0.483272 0.893529
0.484493 0.894994
0.484493 0.895971
0.483761 0.902808
0.484005 0.898901
0.483272 0.899634
0.484249 0.900122
0.483272 0.899634
0.485958 0.905006
0.485226 0.901343
0.485958 0.900122
0.486203 0.896948
0.487179 0.897436
0.488400 0.895971
0.489377 0.896215
0.487912 0.895482
0.480098 0.894261
0.489866 0.897192
0.489621 0.893773
0.489866 0.892552
0.491575 0.895727
0.491819 0.891575
0.492308 0.893284
0.494261 0.892796
0.493040 0.892552
0.494505 0.892552
0.493040 0.892308
0.493773 0.891575
0.492308 0.891087
0.493040 0.892796
0.491819 0.892796
0.492308 0.896948
0.492308 0.892552
0.495482 0.895971
0.485226 0.892796
0.492552 0.894506
0.492308 0.892552
0.492063 0.893040
0.493040 0.892552
0.492308 0.893773
0.493040 0.892796
0.492796 0.891819
0.492063 0.893773
0.492552 0.893040
0.492796 0.892308
0.492552 0.891331
0.492552 0.891331
0.491331 0.894261
0.491087 0.892796
0.491331 0.893040
0.491331 0.889866
0.491331 0.889866
0.491331 0.889866
0.491331 0.889866
0.488400 0.889133
0.485958 0.888889
0.488400 0.888889
0.487179 0.889133
0.486691 0.891331
0.486935 0.888889
0.486935 0.888889
0.484982 0.887179
0.484982 0.889866
0.483761 0.887912
0.484249 0.887912
0.484249 0.887912
0.478388 0.886691
0.481563 0.887912
0.481563 0.887912
0.481807 0.886691
0.480830 0.886447
0.481319 0.886447
0.481807 0.887179
0.481074 0.883028
0.482540 0.881319
0.480830 0.882295
0.482540 0.881074
0.480830 0.882540
0.479609 0.879365
0.482784 0.879121
0.481563 0.877411
0.481563 0.877900
0.481807 0.876435
0.482540 0.875458
0.483272 0.881074
0.483272 0.878388
0.482540 0.872527
0.483028 0.873748
0.483761 0.871551
0.480342 0.869841
0.484737 0.869597
0.484982 0.868864
0.485226 0.872527
0.484249 0.868620
0.483761 0.870330
0.482540 0.869353
0.484005 0.868864
0.483272 0.868376
0.483272 0.869353
0.482540 0.867399
0.484493 0.868376
0.484982 0.869109
0.485470 0.868376
0.484493 0.867155
0.484493 0.869597
0.485714 0.867643
0.486691 0.869353
0.485958 0.868132
0.486935 0.869841
0.487912 0.871795
0.487912 0.875946
0.487424 0.876679
0.488645 0.878388
0.485958 0.881563
0.486691 0.884982
0.485470 0.888889
0.485714 0.894750
0.485226 0.895971
0.484249 0.904518
0.483761 0.901832
0.484005 0.909158
0.483028 0.906471
0.483028 0.912821
0.483028 0.913309
0.482051 0.914530
0.481807 0.914530
0.481319 0.917216
0.482051 0.916728
0.481074 0.917949
0.480586 0.921368
0.482051 0.923321
0.470818 0.919414
0.481563 0.922833
0.481074 0.922833
0.481074 0.922833
0.481074 0.919902
0.481319 0.917705
0.480586 0.917949
0.481563 0.916239
0.481563 0.918193
0.474725 0.914042
0.481074 0.914042
0.479365 0.912088
0.479853 0.912088
0.480098 0.911600
0.478877 0.908425
0.478877 0.908181
0.479365 0.904762
0.478144 0.902808
0.478632 0.899634
0.479121 0.900611
0.478877 0.894994
0.478144 0.893529
0.478632 0.894017
0.478632 0.891819
0.478632 0.890110
0.479365 0.888645
0.479365 0.889866
0.480098 0.888645
0.480586 0.887424
0.481563 0.884737
0.481074 0.883516
0.482295 0.883516
0.483028 0.885958
0.482295 0.882051
0.482295 0.881074
0.481807 0.879365
0.482540 0.882784
0.481807 0.879853
0.483272 0.878632
0.481563 0.879853
0.483028 0.884737
0.481319 0.880830
0.480586 0.879121
0.479609 0.880098
0.480342 0.878632
0.479853 0.879121
0.479121 0.878144
0.480098 0.881074
0.478877 0.880830
0.477656 0.877900
0.479121 0.878144
0.477411 0.879609
0.476435 0.880830
0.477167 0.879121
0.477167 0.878877
0.476435 0.879609
0.477167 0.878877
0.470330 0.879365
0.477411 0.880342
0.474725 0.878388
0.478144 0.881807
0.479853 0.880830
0.482540 0.880586
0.484005 0.881563
0.484005 0.883272
0.486203 0.884737
0.486691 0.884493
0.487668 0.888400
0.487424 0.886935
0.486691 0.884737
0.487179 0.886935
0.488400 0.883272
0.487912 0.884982
0.486691 0.886203
0.488400 0.887424
0.488400 0.886691
0.487179 0.887179
0.487668 0.886447
0.489133 0.887179
0.491819 0.887424
0.491575 0.886691
0.492308 0.885470
0.493284 0.887912
0.493773 0.886447
0.493773 0.884737
0.493773 0.883761
0.493773 0.891575
0.493284 0.885714
0.493773 0.884982
0.492552 0.885226
0.491575 0.886203
0.493773 0.886935
0.493529 0.888645
0.493529 0.888156
0.493773 0.888889
0.494017 0.887668
0.493284 0.887179
0.493284 0.890354
0.493529 0.887912
0.493529 0.887668
0.493773 0.888400
0.494994 0.887912
0.495238 0.889621
0.495482 0.889621
0.494505 0.891331
0.494505 0.891331
0.495726 0.896703
0.495726 0.897924
0.495726 0.901587
0.494505 0.895971
0.495726 0.898413
0.495726 0.900855
0.495971 0.899390
0.496703 0.898657
0.495482 0.899390
0.497924 0.899145
0.496703 0.897436
0.496947 0.897192
0.497924 0.896948
0.499145 0.897924
0.499145 0.896948
0.497192 0.896948
0.498413 0.894506
0.499389 0.893529
0.498413 0.892796
0.499145 0.895971
0.497924 0.890598
0.497680 0.892796
0.497924 0.890354
0.493529 0.890598
0.497924 0.895482
0.497436 0.891087
0.497924 0.891575
0.497192 0.891087
0.496703 0.891087
0.497924 0.891331
0.497924 0.891331
0.496703 0.892063
0.497680 0.894750
0.496703 0.893529
0.496703 0.893284
0.497192 0.892552
0.497192 0.891331
0.497924 0.892552
0.498413 0.891087
0.497680 0.891575
0.496459 0.893284
0.495971 0.892308
0.497924 0.891087
0.496703 0.890598
0.498168 0.890354
0.497192 0.890354
0.497436 0.891331
0.496703 0.890598
0.496215 0.889866
0.497436 0.890842
0.497924 0.890842
0.497924 0.890842
0.497924 0.891331
0.497436 0.891575
0.496947 0.890598
0.496459 0.889866
0.497436 0.891575
0.498168 0.890354
0.494261 0.887912
0.498657 0.888156
0.497924 0.887179
0.497924 0.889621
0.497680 0.886691
0.498168 0.887179
0.496947 0.888400
0.496703 0.887912
0.496459 0.888645
0.496459 0.886691
0.497192 0.890354
0.496215 0.891331
0.496215 0.888645
0.496215 0.888645
0.495482 0.886447
0.496947 0.886691
0.495482 0.886447
0.495726 0.886447
0.495726 0.886203
0.497192 0.887912
0.496947 0.888156
0.496703 0.889866
0.496703 0.884982
0.497436 0.886203
0.496459 0.886447
0.496703 0.885470
0.495971 0.885958
0.496947 0.887424
0.492796 0.885470
0.497192 0.887912
0.495726 0.889377
0.494505 0.890110
0.494994 0.886203
0.494261 0.886691
0.493284 0.889377
0.492796 0.886935
0.492308 0.887424
0.490842 0.886691
0.491087 0.885714
0.490354 0.885958
0.489377 0.884493
0.490110 0.884005
0.490110 0.883028
0.490354 0.882540
0.490598 0.886447
0.489866 0.880342
0.490110 0.880342
0.489866 0.879853
0.488889 0.878388
0.490110 0.876923
0.489621 0.874481
0.489133 0.875702
0.488889 0.871551
0.482540 0.871306
0.487912 0.870574
0.486935 0.870574
0.484493 0.869353
0.484493 0.869353
0.486447 0.869841
0.486447 0.868132
0.487179 0.866667
0.487424 0.866667
0.486935 0.865690
0.487179 0.864469
0.486935 0.863492
0.486691 0.861538
0.487424 0.860317
0.489377 0.860806
0.488400 0.860806
0.491087 0.855189
0.491575 0.854457
0.494261 0.851770
0.494505 0.851282
0.493529 0.850549
0.494505 0.849573
0.495238 0.848840
0.495482 0.849817
0.494750 0.847375
0.495482 0.845665
0.497436 0.847619
0.497680 0.842491
0.498657 0.842247
0.497924 0.841758
0.497924 0.840049
0.498901 0.841270
0.498901 0.841270
0.498901 0.841270
0.500122 0.839805
0.501099 0.839072
0.501099 0.839072
0.501587 0.838095
0.501587 0.838095
0.503785 0.835409
0.504029 0.836386
0.497436 0.834432
0.504762 0.833700
0.502320 0.832479
0.504762 0.833455
0.503785 0.831013
0.503541 0.831502
0.503297 0.832234
0.503053 0.833944
0.500366 0.834921
0.500122 0.835165
0.500122 0.837118
0.491087 0.837363
0.497436 0.839805
0.496459 0.841514
0.494505 0.847131
0.493040 0.846886
0.493529 0.850794
0.492308 0.848596
0.490598 0.850061
0.490354 0.852747
0.490110 0.854212
0.489377 0.855189
0.487424 0.853724
0.486935 0.853236
0.487912 0.857875
0.486691 0.854701
0.486935 0.855189
0.486203 0.855189
0.485958 0.856899
0.485714 0.856410
0.485958 0.856899
0.486691 0.862759
0.487179 0.860806
0.486447 0.857875
0.486447 0.860562
0.487912 0.860562
0.484249 0.862027
0.491087 0.864469
0.489866 0.865446
0.489866 0.868864
0.491087 0.869841
0.491087 0.870330
0.491087 0.872283
0.487668 0.871062
0.489133 0.872283
0.488889 0.878144
0.489133 0.873260
0.487668 0.872283
0.483761 0.871062
0.487179 0.870330
0.488400 0.870085
0.488156 0.870085
0.487912 0.869353
0.488400 0.869841
0.489133 0.868132
0.489866 0.865446
0.485470 0.863004
0.491331 0.866911
0.490110 0.861050
0.491087 0.860073
0.492308 0.859341
0.493040 0.856166
0.493040 0.856166
0.494017 0.854701
0.493529 0.851526
0.495238 0.850305
0.495238 0.849573
0.484982 0.848107
0.495482 0.851282
0.494017 0.846398
0.493773 0.846398
0.493773 0.848107
0.492552 0.846642
0.492063 0.844933
0.493284 0.845421
0.492063 0.844933
0.491087 0.846154
0.489133 0.847131
0.489133 0.846642
0.487424 0.847131
0.486447 0.850305
0.485958 0.848352
0.485958 0.848352
0.484005 0.845665
0.485226 0.845910
0.486203 0.847375
0.484737 0.846886
0.486447 0.846154
0.487668 0.844933
0.487912 0.845665
0.490110 0.842979
0.488889 0.845665
0.489377 0.845177
0.490842 0.844200
0.490110 0.845665
0.490598 0.848352
0.490110 0.847619
0.491087 0.852747
0.491087 0.855678
0.490598 0.854457
0.490842 0.857387
0.491331 0.859829
0.489133 0.860806
0.490110 0.865446
0.489866 0.865201
0.488889 0.865201
0.489621 0.864469
0.489377 0.863736
0.491087 0.866178
0.493040 0.867888
0.493773 0.862759
0.492552 0.863980
0.492796 0.862759
0.492796 0.863004
0.492308 0.862515
0.492552 0.864713
0.494261 0.861783
0.494505 0.863492
0.494750 0.860806
0.494750 0.860562
0.494017 0.861294
0.494750 0.861050
0.494994 0.864713
0.494261 0.864469
0.494994 0.869353
0.494750 0.866667
0.495238 0.866911
0.494505 0.868132
0.494505 0.871795
0.495726 0.875946
0.495726 0.872527
0.495482 0.871795
0.497192 0.877411
0.497436 0.875214
0.497436 0.875214
0.497436 0.875214
0.497436 0.872772
0.498657 0.873748
0.498168 0.872283
0.499389 0.872772
0.500855 0.872772
0.502320 0.871551
0.502076 0.871062
0.502808 0.872772
0.504274 0.870818
0.502808 0.871551
0.504762 0.872527
0.505250 0.872772
0.506471 0.871062
0.498168 0.871551
0.507448 0.876190
0.507204 0.877167
0.506716 0.876190
0.506471 0.876923
0.505495 0.876190
0.506471 0.878144
0.506471 0.880830
0.506227 0.881319
0.505495 0.880830
0.505250 0.881807
0.505739 0.883761
0.504762 0.882784
0.505250 0.883272
0.499389 0.884005
0.505983 0.885958
0.506227 0.885226
0.505006 0.885226
0.505006 0.884005
0.506227 0.887424
0.507448 0.884982
0.506227 0.886203
0.507448 0.884737
0.508913 0.886447
0.507937 0.884005
0.507937 0.883028
0.507937 0.883028
0.509402 0.883516
0.509402 0.882540
0.507937 0.880830
0.501587 0.882295
0.508425 0.883516
0.508669 0.883516
0.510867 0.883028
0.508181 0.883028
0.508913 0.885714
0.509646 0.886935
0.510379 0.889621
0.510379 0.884493
0.509890 0.888400
0.509890 0.886447
0.509890 0.886203
0.509890 0.887668
0.510134 0.889621
0.510379 0.887668
0.511111 0.894017
0.508425 0.887424
0.510379 0.886691
0.511111 0.887668
0.511355 0.888400
0.511844 0.886447
0.511600 0.888156
0.510867 0.887912
0.510379 0.886935
0.510623 0.885958
0.510867 0.885958
0.510134 0.885958
0.510379 0.886447
0.509646 0.884493
0.507937 0.882540
0.509158 0.883272
0.509402 0.884005
0.508669 0.884737
0.508181 0.884005
0.507448 0.881319
0.502808 0.879365
0.506960 0.879609
0.506716 0.878388
0.506716 0.878144
0.504518 0.877411
0.505495 0.877167
0.503785 0.877167
0.502564 0.876435
0.502564 0.877656
0.500855 0.872772
0.501343 0.879365
0.501343 0.875946
0.500366 0.876190
0.499145 0.875702
0.498413 0.877656
0.499634 0.877656
0.498901 0.879365
0.488400 0.873260
0.495971 0.874237
0.495726 0.873504
0.495238 0.873504
0.494261 0.873260
0.493284 0.872772
0.492796 0.870330
0.492063 0.868864
0.492552 0.868376
0.491575 0.870085
0.491575 0.867888
0.491575 0.866178
0.490354 0.863248
0.493284 0.863004
0.493284 0.863004
0.494505 0.861050
0.495238 0.857387
0.496703 0.853724
0.497924 0.853480
0.500122 0.850061
0.500366 0.848107
0.503053 0.848596
0.501832 0.847619
0.503785 0.844444
0.504029 0.842491
0.506227 0.843712
0.506227 0.843712
0.506227 0.843712
0.505739 0.834188
0.506227 0.835165
0.505983 0.832723
0.505983 0.832723
0.504029 0.833455
0.504029 0.833455
0.504029 0.833455
0.498168 0.837851
0.493529 0.839072
0.494750 0.840781
0.492063 0.843468
0.492063 0.843468
0.488400 0.843468
0.487912 0.842247
0.488156 0.843468
0.485470 0.842247
0.485470 0.839805
0.485226 0.842735
0.483272 0.840781
0.483516 0.840537
0.483028 0.839072
0.482051 0.838828
0.481319 0.842735
0.479853 0.840049
0.477900 0.838584
0.476679 0.838339
0.464957 0.837851
0.475214 0.839316
0.473504 0.838339
0.473993 0.841270
0.471795 0.841270
0.470574 0.842735
0.470574 0.848352
0.471062 0.852991
0.469841 0.859341
0.471306 0.863004
0.472039 0.872527
0.471551 0.876190
0.472283 0.880342
0.473016 0.885470
0.472527 0.892063
0.471795 0.895482
0.471795 0.899145
0.471306 0.901343
0.471795 0.903785
0.473260 0.903053
0.473504 0.903541
0.474481 0.903053
0.472283 0.902564
0.474237 0.902076
0.475214 0.904274
0.471306 0.899390
0.477411 0.901587
0.477900 0.900855
0.478877 0.897924
0.479853 0.897192
0.480342 0.897680
0.481319 0.894994
0.480586 0.892552
0.480586 0.892552
0.478388 0.892552
0.477411 0.892552
0.475946 0.892063
0.475946 0.890842
0.475458 0.891575
0.475702 0.893773
0.475458 0.887179
0.473748 0.887179
0.475214 0.885714
0.475702 0.887912
0.475702 0.887912
0.475458 0.884982
0.476923 0.884005
0.475946 0.882295
0.476679 0.884249
0.476435 0.880830
0.477167 0.879853
0.478388 0.879365
0.479609 0.877900
0.480342 0.876679
0.480342 0.876679
0.482295 0.875946
0.483028 0.875214
0.482540 0.874969
0.482784 0.873260
0.484005 0.874969
0.484005 0.872283
0.484737 0.876679
0.484737 0.871551
0.484982 0.870574
0.485714 0.872772
0.484493 0.870085
0.477167 0.870085
0.483761 0.871306
0.483028 0.877656
0.476190 0.871062
0.480586 0.872527
0.480830 0.875214
0.480830 0.874237
0.481319 0.874725
0.482051 0.874481
0.482540 0.874725
0.482295 0.873993
0.484005 0.874969
0.486203 0.873993
0.486935 0.873748
0.488156 0.876190
0.489866 0.875214
0.489621 0.875702
0.491331 0.875214
0.489377 0.875946
0.489621 0.875702
0.489621 0.876190
0.490842 0.874481
0.492063 0.877656
0.492063 0.877900
0.493284 0.876190
0.492308 0.876190
0.491087 0.875946
0.490354 0.874481
0.491575 0.874481
0.491087 0.874969
0.492063 0.874969
0.492552 0.873504
0.492063 0.874969
0.492308 0.874969
0.492552 0.875702
0.491819 0.876679
0.490842 0.876679
0.491087 0.881074
0.490354 0.880098
0.489866 0.877656
0.489377 0.880830
0.485470 0.880098
0.490598 0.884982
0.489621 0.884982
0.488889 0.886935
0.488400 0.887179
0.487912 0.888889
0.488400 0.892063
0.488645 0.890598
0.489377 0.891087
0.492552 0.890842
0.490110 0.890354
0.490598 0.891819
0.491331 0.899878
0.490598 0.892308
0.490110 0.892796
0.489866 0.894261
0.489621 0.896703
0.491575 0.896703
0.491087 0.894017
0.492552 0.894994
0.492308 0.892552
0.493529 0.892796
0.495971 0.893284
0.494261 0.893284
0.494505 0.895727
0.494505 0.894261
0.494994 0.895482
0.495482 0.894261
0.497680 0.898413
0.497924 0.896459
0.498413 0.898169
0.498901 0.901099
0.500366 0.904762
0.499634 0.902808
0.497192 0.904518
0.500855 0.907692
0.501099 0.909402
0.500366 0.914042
0.498657 0.914286
0.498901 0.924542
0.497924 0.918193
0.498901 0.920879
0.498657 0.921123
0.498901 0.930647
0.498168 0.923810
0.500122 0.922589
0.499634 0.925519
0.500122 0.925519
0.500122 0.926007
0.501343 0.926007
0.502076 0.922100
0.502076 0.924054
0.502320 0.922344
0.502320 0.921612
0.503541 0.919902
0.503785 0.927228
0.502808 0.920147
0.504518 0.921856
0.504274 0.924054
0.497192 0.921856
0.503541 0.922344
0.503785 0.923565
0.503785 0.922100
0.503297 0.922589
0.504518 0.921612
0.503053 0.919902
0.504274 0.920635
0.503297 0.920391
0.504762 0.922833
0.504029 0.920391
0.501832 0.919170
0.503541 0.920147
0.504274 0.928449
0.504029 0.918437
0.504518 0.922100
0.505006 0.919658
0.505250 0.922100
0.504274 0.921368
0.505739 0.920635
0.505983 0.919658
0.508913 0.920147
0.509158 0.919658
0.509646 0.921856
0.509402 0.921368
0.509890 0.919170
0.510867 0.919170
0.511111 0.918926
0.508913 0.921856
0.509890 0.919170
0.511111 0.924298
0.511111 0.918437
0.512332 0.916728
0.511600 0.917949
0.506960 0.914774
0.513797 0.916728
0.509890 0.914042
0.513553 0.912332
0.513553 0.911844
0.513065 0.909646
0.512821 0.909402
0.514530 0.913553
0.514530 0.909646
0.514530 0.906716
0.513553 0.905739
0.514774 0.904274
0.515751 0.905006
0.515751 0.902564
0.516972 0.900611
0.516239 0.899390
0.515751 0.897436
0.515018 0.895482
0.515263 0.897680
0.515018 0.893284
0.514774 0.892063
0.515018 0.889377
0.515995 0.887912
0.515018 0.887912
0.515018 0.883516
0.514774 0.882540
0.513797 0.880342
0.515018 0.878388
0.513797 0.880342
0.503053 0.875946
0.511355 0.874237
0.511844 0.873748
0.511844 0.871551
0.510623 0.871551
0.508913 0.867888
0.510134 0.866911
0.509890 0.866667
0.509158 0.868376
0.507937 0.862027
0.507692 0.862515
0.507448 0.859829
0.508181 0.861538
0.505250 0.856410
0.505739 0.856410
0.506227 0.854945
0.505250 0.856166
0.506227 0.852015
0.505983 0.853480
0.505983 0.852259
0.506227 0.850061
0.505739 0.848840
0.505983 0.848352
0.504274 0.852015
0.504029 0.847863
0.502808 0.846154
0.503053 0.846398
0.503785 0.847619
0.501832 0.844933
0.501832 0.844444
0.501832 0.844444
0.496215 0.842247
0.503297 0.844200
0.503541 0.841758
0.503785 0.841514
0.503053 0.840537
0.503297 0.838339
0.502076 0.835897
0.503053 0.840293
0.502320 0.836630
0.501587 0.836630
0.500366 0.840049
0.499145 0.842247
0.497436 0.844689
0.494750 0.850794
0.490598 0.857387
0.490598 0.857387
0.486691 0.863248
0.469841 0.874237
0.478388 0.881074
0.474481 0.887179
0.474481 0.887179
0.474481 0.887179
0.474481 0.887179
0.474481 0.887179
0.474481 0.887179
0.465446 0.912576
0.462515 0.935043
0.460317 0.938462
0.460317 0.940659
0.457875 0.943101
0.457875 0.943101
0.458120 0.950183
0.458120 0.951160
0.453724 0.948962
0.457143 0.950672
0.456654 0.951404
0.455678 0.951160
0.455922 0.953846
0.455678 0.952869
0.455922 0.952137
0.454701 0.951404
0.455433 0.949206
0.456410 0.948230
0.453480 0.946520
0.456654 0.949206
0.456410 0.947253
0.458120 0.942125
0.456410 0.941880
0.457143 0.941392
0.457875 0.939194
0.458608 0.941880
0.458364 0.935531
0.459096 0.934554
0.459829 0.933578
0.461294 0.928205
0.462271 0.925275
0.463004 0.924298
0.463980 0.920635
0.464225 0.918437
0.464713 0.917216
0.464713 0.917216
0.464957 0.909890
0.465934 0.909402
0.465690 0.907448
0.465934 0.907204
0.466422 0.904762
0.466422 0.902808
0.465201 0.901587
0.457631 0.899634
0.465690 0.902076
0.466422 0.898413
0.465201 0.900611
0.465690 0.903053
0.466422 0.896948
0.466422 0.899390
0.465934 0.898657
0.467155 0.894261
0.466911 0.893284
0.466667 0.890598
0.465446 0.890842
0.466911 0.890110
0.470574 0.890110
0.469841 0.890842
0.471306 0.888400
0.471551 0.887424
0.473016 0.886203
0.471551 0.885470
0.472527 0.886447
0.472283 0.883761
0.472039 0.883272
0.471551 0.884249
0.470818 0.882540
0.468132 0.886935
0.466667 0.888156
0.465446 0.886935
0.453724 0.887179
0.463004 0.888645
0.464469 0.892552
0.462515 0.892063
0.462271 0.894261
0.461050 0.894261
0.461050 0.894261
0.460806 0.894261
0.451526 0.895238
0.460806 0.903297
0.462027 0.895727
0.461050 0.894261
0.461783 0.894261
0.462515 0.894017
0.463492 0.893529
0.463492 0.894506
0.465934 0.896459
0.465201 0.901343
0.464957 0.896703
0.466422 0.898657
0.466911 0.894017
0.467399 0.894750
0.467643 0.895971
0.469597 0.895727
0.470818 0.901099
0.470574 0.896459
0.471795 0.898657
0.471306 0.896703
0.473748 0.897924
0.473260 0.900366
0.473504 0.897436
0.474237 0.895971
0.475702 0.897680
0.474969 0.897680
0.473260 0.898657
0.470818 0.898413
0.476190 0.899145
0.477656 0.898169
0.478632 0.898169
0.478632 0.898169
0.483028 0.896459
0.484005 0.896948
0.484493 0.901587
0.484982 0.896459
0.486447 0.895727
0.486203 0.896703
0.486935 0.895482
0.488156 0.896215
0.488645 0.895238
0.489377 0.896948
0.491331 0.893529
0.491087 0.894994
0.493284 0.893284
0.494994 0.891087
0.496459 0.890110
0.497192 0.887912
0.499389 0.887424
0.502076 0.892063
0.503541 0.886447
0.505739 0.885958
0.505739 0.885714
0.506960 0.884737
0.507448 0.884249
0.508913 0.883516
0.507937 0.883028
0.507204 0.883028
0.508913 0.882540
0.509890 0.882051
0.510623 0.882051
0.503053 0.883028
0.514530 0.885470
0.515507 0.882784
0.515751 0.884982
0.516728 0.889866
0.516972 0.886203
0.518193 0.889866
0.517460 0.889866
0.518437 0.889866
0.509158 0.890598
0.520391 0.893529
0.521612 0.893040
0.522833 0.894506
0.524298 0.896703
0.524542 0.897436
0.524786 0.897192
0.526007 0.899634
0.526496 0.896215
0.526740 0.896703
0.526740 0.896703
0.526740 0.893773
0.531136 0.896215
0.533333 0.892063
0.536752 0.888645
0.540659 0.894261
0.543346 0.888400
0.545543 0.886935
0.549695 0.889133
0.551893 0.883516
0.553602 0.887668
0.553602 0.887668
0.556777 0.883272
0.557998 0.884737
0.558730 0.882540
0.558730 0.882540
0.557509 0.885470
0.557509 0.884005
0.557265 0.884249
0.556532 0.884737
0.554823 0.886935
0.555067 0.886203
0.555311 0.885958
0.555556 0.886447
0.556044 0.886203
0.554579 0.888889
0.556777 0.886935
0.555800 0.885470
0.558242 0.885958
0.556532 0.886691
0.559219 0.884737
0.559219 0.884737
0.560195 0.888889
0.560684 0.885958
0.559219 0.885714
0.559463 0.886691
0.558730 0.886691
0.558730 0.888400
0.558974 0.890110
0.558730 0.890842
0.558730 0.889133
0.558730 0.889133
0.556044 0.890842
