0.909646 0.795849
0.913309 0.798046
0.910623 0.799267
0.909158 0.799023
0.909402 0.795360
0.915751 0.795849
0.910867 0.794872
0.908669 0.798046
0.910379 0.798291
0.909158 0.794139
0.911600 0.798046
0.908425 0.794139
0.909158 0.793651
0.910623 0.793895
0.907692 0.791697
0.909890 0.794872
0.910867 0.793162
0.910623 0.793162
0.907937 0.793162
0.906471 0.794139
0.913065 0.791941
0.907448 0.790476
0.909890 0.791941
0.908181 0.793895
0.910867 0.790720
0.907204 0.791209
0.908425 0.794139
0.908913 0.790965
0.909402 0.790720
0.909646 0.794872
0.914042 0.790232
0.909158 0.791697
0.906960 0.789499
0.906471 0.788034
0.906471 0.789988
0.906960 0.788767
0.913065 0.789499
0.906716 0.790720
0.905495 0.787546
0.908913 0.791697
0.909402 0.790965
0.906227 0.790232
0.905006 0.790232
0.906471 0.790476
0.906716 0.786813
0.905983 0.787302
0.907448 0.789499
0.908425 0.786813
0.905983 0.784615
0.905006 0.788034
0.910623 0.784371
0.906471 0.785348
0.905495 0.782662
0.904518 0.784615
0.904762 0.781685
0.908425 0.782418
0.907937 0.781197
0.904762 0.778510
0.907937 0.779976
0.906960 0.781197
0.904274 0.779243
0.903785 0.778510
0.903053 0.776068
0.903541 0.776557
0.904029 0.776557
0.902808 0.777289
0.902076 0.774359
0.902564 0.775824
0.909890 0.773382
0.902808 0.773626
0.902564 0.774115
0.901832 0.771673
0.901587 0.772405
0.900611 0.773138
0.900122 0.770208
0.903053 0.769963
0.899634 0.768254
0.900122 0.769719
0.898169 0.768010
0.901832 0.768254
0.896703 0.767277
0.895238 0.765812
0.894750 0.767277
0.895238 0.767521
0.893773 0.765568
0.892796 0.766300
0.893284 0.766300
0.891087 0.769963
0.889866 0.764347
0.889621 0.766545
0.891331 0.766300
0.887668 0.766789
0.885958 0.764347
0.883028 0.764347
0.882295 0.765812
0.880586 0.766300
0.878632 0.766300
0.882051 0.764835
0.878144 0.763858
0.880586 0.765324
0.877411 0.764591
0.876679 0.763370
0.875946 0.763858
0.874725 0.762393
0.872772 0.764835
0.874237 0.762149
0.870574 0.761905
0.873993 0.762149
0.868132 0.760440
0.867643 0.761661
0.866178 0.761661
0.864225 0.760928
0.863980 0.761661
0.865934 0.759463
0.866667 0.758486
0.863980 0.759707
0.863980 0.759707
0.863980 0.759707
0.863248 0.757021
0.857875 0.757509
0.856410 0.756288
0.856410 0.756777
0.854945 0.757265
0.851526 0.755311
0.852259 0.756777
0.846642 0.757265
0.845421 0.756532
0.844933 0.755556
0.844444 0.755800
0.842247 0.756777
0.840293 0.756532
0.837851 0.755800
0.837607 0.753846
0.837851 0.754579
0.834188 0.755067
0.835409 0.754579
0.833455 0.753846
0.831990 0.755800
0.830769 0.755311
0.833211 0.754090
0.827106 0.755067
0.827106 0.754335
0.826129 0.754823
0.821734 0.755067
0.819536 0.753114
0.817827 0.756532
0.816606 0.754090
0.814652 0.754579
0.814652 0.754579
0.812454 0.753114
0.810256 0.753602
0.808303 0.752625
0.806593 0.753358
0.804884 0.752137
0.805861 0.752625
0.800488 0.753114
0.799267 0.752381
0.797558 0.753114
0.795360 0.751893
0.793895 0.751160
0.791697 0.751893
0.790232 0.752625
0.789499 0.751404
0.785836 0.750183
0.783150 0.752381
0.780220 0.752625
0.777534 0.752137
0.775092 0.753114
0.771673 0.752381
0.768254 0.753358
0.765568 0.753602
0.760684 0.751648
0.756532 0.753114
0.754090 0.752869
0.750916 0.750183
0.747741 0.752381
0.744322 0.750183
0.743346 0.750183
0.738950 0.750183
0.735531 0.753114
0.732601 0.749206
0.729426 0.748962
0.727228 0.748230
0.724786 0.748718
0.724542 0.749695
0.723077 0.747497
0.722100 0.747497
0.720391 0.747009
0.718437 0.747985
0.718437 0.747985
0.716972 0.747741
0.715995 0.747497
0.715507 0.747741
0.715995 0.746520
0.715263 0.747253
0.715018 0.747497
0.714774 0.746764
0.714042 0.748230
0.713065 0.747009
0.712821 0.746520
0.712332 0.745788
0.711355 0.746520
0.711600 0.746520
0.711355 0.746520
0.708425 0.746276
0.709646 0.746276
0.709646 0.745299
0.708913 0.743590
0.709158 0.745299
0.708181 0.744811
0.707937 0.744322
0.707448 0.743590
0.706471 0.743834
0.707937 0.744322
0.705983 0.743346
0.706716 0.742369
0.705739 0.743101
0.706227 0.743590
0.705983 0.743346
0.705495 0.741880
0.705006 0.741392
0.704274 0.743101
0.701587 0.741880
0.701832 0.742857
0.701099 0.743834
0.700855 0.743101
0.699145 0.743101
0.698413 0.746520
0.696948 0.744322
0.695238 0.744811
0.695727 0.743834
0.695238 0.743346
0.692552 0.745299
0.693773 0.746764
0.693285 0.745788
0.692796 0.746520
0.692552 0.746032
0.692552 0.746276
0.690598 0.745055
0.690598 0.745055
0.690598 0.745055
0.689377 0.743834
0.688401 0.744811
0.688156 0.743834
0.687668 0.744811
0.686203 0.743101
0.685470 0.743834
0.685226 0.741148
0.683761 0.742369
0.684982 0.741392
0.684982 0.741392
0.683028 0.741148
0.682296 0.741636
0.681075 0.741148
0.678877 0.741636
0.677167 0.741392
0.677411 0.740415
0.675458 0.741148
0.674725 0.741880
0.672772 0.740415
0.672527 0.740659
0.672039 0.739438
0.669841 0.739927
0.670574 0.740171
0.669597 0.740415
0.668376 0.739438
0.668864 0.740171
0.667888 0.738462
0.668132 0.738462
0.664469 0.738217
0.666911 0.739194
0.666911 0.738950
0.666667 0.739438
0.665201 0.739438
0.663980 0.739438
0.664713 0.739194
0.660562 0.739438
0.663736 0.737729
0.662759 0.738706
0.662759 0.739194
0.661050 0.738950
0.661050 0.738950
0.661294 0.737973
0.659829 0.738706
0.661050 0.738950
0.661050 0.739194
0.660562 0.738217
0.655189 0.738950
0.660562 0.739683
0.659585 0.739194
0.659585 0.739683
0.659585 0.739683
0.660073 0.737241
0.658852 0.738462
0.659585 0.739683
0.658608 0.739194
0.656899 0.739438
0.659585 0.739683
0.657387 0.739438
0.660317 0.737729
0.660317 0.739438
0.660317 0.739438
0.660317 0.739438
0.655433 0.738950
0.659585 0.737973
0.658364 0.738462
0.659585 0.737973
0.658852 0.736752
0.659829 0.737241
0.659096 0.739438
0.658608 0.738462
0.658364 0.740904
0.658852 0.738462
0.659341 0.737241
0.658608 0.737485
0.657143 0.737485
0.659341 0.738706
0.658852 0.738706
0.658852 0.738706
0.658364 0.737485
0.657143 0.735531
0.658852 0.738706
0.658852 0.738706
0.659096 0.736752
0.658608 0.737241
0.657875 0.736020
0.659341 0.736996
0.658120 0.739927
0.658852 0.737729
0.658364 0.737485
0.657875 0.735775
0.655433 0.737241
0.657631 0.738217
0.656166 0.737729
0.657143 0.737729
0.657387 0.736508
0.656899 0.735531
0.656899 0.736264
0.655433 0.736020
0.655678 0.736508
0.656654 0.737973
0.656654 0.735775
0.655922 0.736264
0.656410 0.735043
0.655189 0.737241
0.652991 0.735775
0.653968 0.736020
0.654701 0.735531
0.655433 0.737485
0.655433 0.735775
0.654945 0.735287
0.654212 0.735775
0.654701 0.735775
0.655433 0.736752
0.654945 0.737485
0.654701 0.736020
0.654457 0.735531
0.654701 0.736020
0.654457 0.735531
0.652747 0.735287
0.653968 0.736752
0.653724 0.736020
0.652259 0.735531
0.652259 0.735531
0.653724 0.736264
0.652991 0.736020
0.651282 0.735531
0.652991 0.736264
0.653480 0.736508
0.652015 0.735531
0.652015 0.735043
0.652747 0.735531
0.653480 0.736264
0.653480 0.736264
0.652747 0.736508
0.652015 0.734554
0.652747 0.735043
0.651526 0.735531
0.652259 0.737973
0.652503 0.735775
0.652015 0.736264
0.652503 0.737973
0.652503 0.737973
0.650061 0.735531
0.652747 0.734799
0.652747 0.735775
0.651038 0.735531
0.651038 0.735531
0.649817 0.734066
0.651526 0.735531
0.651526 0.735531
0.651526 0.735531
0.651526 0.735531
0.650549 0.735287
0.652015 0.734310
0.650549 0.735775
0.651526 0.734799
0.652503 0.733578
0.652015 0.734310
0.652503 0.736020
0.650549 0.734554
0.652503 0.734066
0.646886 0.733333
0.646886 0.733089
0.651038 0.734310
0.650305 0.733822
0.651770 0.733578
0.651770 0.733822
0.651282 0.733333
0.651282 0.733333
0.644444 0.734799
0.649328 0.735043
0.649328 0.735043
0.644689 0.735531
0.649817 0.739194
0.646398 0.736508
0.649573 0.737729
0.652015 0.737241
0.652015 0.738950
0.652015 0.740659
0.652259 0.740904
0.651038 0.741392
0.650794 0.741392
0.653480 0.741636
0.652503 0.740904
0.653480 0.742369
0.652991 0.740415
0.651282 0.742369
0.652015 0.743346
0.651526 0.741392
0.649084 0.743346
0.650061 0.743101
0.650305 0.744567
0.647619 0.743346
0.648596 0.744811
0.648352 0.744078
0.650549 0.747253
0.645177 0.747009
0.651038 0.746764
0.649817 0.747985
0.650794 0.748962
0.650794 0.748962
0.651526 0.749206
0.653724 0.748474
0.652503 0.749206
0.652503 0.749206
0.652503 0.749206
0.655433 0.748474
0.658852 0.748230
0.657387 0.747497
0.657143 0.747497
0.658364 0.748718
0.658364 0.747497
0.657875 0.746520
0.657143 0.746764
0.656410 0.746032
0.656654 0.746520
0.656899 0.745543
0.655678 0.746276
0.654701 0.746520
0.653480 0.746276
0.652747 0.746764
0.651770 0.743590
0.651526 0.743590
0.650061 0.744567
0.651282 0.745299
0.650794 0.745788
0.649084 0.744811
0.650794 0.744811
0.652259 0.745055
0.653480 0.745055
0.654945 0.745299
0.655189 0.742857
0.655922 0.743834
0.658120 0.744811
0.658120 0.742857
0.659096 0.744567
0.661294 0.745788
0.661538 0.744322
0.664957 0.744567
0.667888 0.745788
0.667888 0.745788
0.670818 0.746764
0.674481 0.746276
0.675458 0.747741
0.686203 0.751160
0.686203 0.751160
0.701099 0.757265
0.711355 0.760928
0.726007 0.765079
0.740415 0.766056
0.754090 0.771673
0.769963 0.776068
0.786081 0.778999
0.805861 0.787302
0.827595 0.789255
0.848840 0.794628
0.867643 0.794872
0.882051 0.806593
0.889866 0.808303
0.891087 0.817827
0.892796 0.831502
0.892063 0.845177
0.891087 0.868132
0.888889 0.888889
0.890842 0.915751
0.891087 0.936264
0.898169 0.959463
0.898169 0.959463
0.897924 0.972161
0.897924 0.972161
0.901343 0.974847
0.901587 0.971917
0.899634 0.972894
0.898901 0.973871
0.902808 0.974359
0.901587 0.974847
0.903053 0.970940
0.904762 0.979731
0.904518 0.969231
0.905983 0.971917
0.907937 0.976068
0.908181 0.969231
0.912576 0.971184
0.912576 0.979243
0.910867 0.969231
0.913309 0.970452
0.913309 0.970452
0.913309 0.970452
0.913309 0.970452
0.916239 0.968987
0.920391 0.970940
0.918193 0.973871
0.919170 0.968742
0.922344 0.970696
0.923077 0.969719
0.917216 0.970208
0.917460 0.968010
0.916239 0.966545
0.921368 0.967277
0.917216 0.973871
0.916484 0.965568
0.915263 0.966545
0.918193 0.966545
0.916972 0.964835
0.917705 0.964103
0.917705 0.965568
0.916239 0.961905
0.915263 0.964835
0.914774 0.963614
0.913797 0.960195
0.916239 0.963126
0.913309 0.959219
0.910623 0.959951
0.909158 0.966545
0.907937 0.960684
0.908425 0.962882
0.905739 0.961416
0.905495 0.966056
0.906716 0.969475
0.903541 0.959707
0.902564 0.964591
0.901832 0.961661
0.900366 0.962637
0.899878 0.960440
0.897924 0.955067
0.900855 0.958486
0.897680 0.965568
0.897680 0.965568
0.895482 0.957753
0.894506 0.957265
0.894750 0.959219
0.892308 0.959707
0.890354 0.956777
0.889377 0.957265
0.889377 0.956777
0.889866 0.956777
0.895971 0.953358
0.887668 0.953602
0.886447 0.952381
0.887912 0.954090
0.885470 0.953846
0.893040 0.952137
0.885714 0.951160
0.888400 0.951893
0.886447 0.947985
0.886447 0.951648
0.883272 0.947497
0.882540 0.949939
0.882540 0.949939
0.882051 0.947009
0.880586 0.947253
0.880830 0.945299
0.882784 0.946520
0.883028 0.945299
0.883761 0.945543
0.881074 0.949206
0.879853 0.947009
0.880586 0.945543
0.880830 0.948962
0.884493 0.947741
0.885958 0.944322
0.885226 0.945543
0.888889 0.944567
0.884982 0.943590
0.886935 0.944567
0.888889 0.946032
0.891331 0.947985
0.895482 0.944322
0.902564 0.944811
0.903541 0.948230
0.903785 0.945788
0.905495 0.961905
0.905495 0.947497
0.904029 0.952137
0.905006 0.952137
0.907448 0.951404
0.907448 0.950916
0.907937 0.949451
0.909890 0.950183
0.912332 0.954579
0.915018 0.953602
0.917216 0.953846
0.920147 0.951404
0.920147 0.951404
0.930403 0.969475
0.936264 0.955311
0.943101 0.953358
0.949206 0.956777
0.949206 0.956777
0.959463 0.956288
0.946764 0.959707
0.948230 0.963126
0.941880 0.965324
0.940659 0.964103
0.942125 0.962393
0.942369 0.962882
0.940659 0.962637
0.940171 0.963126
0.939683 0.962882
0.940415 0.968254
0.937729 0.970940
0.938950 0.964835
0.939194 0.965568
0.937241 0.965812
0.936752 0.967033
0.936996 0.970452
0.935775 0.970208
0.939194 0.970452
0.936264 0.969963
0.937241 0.968254
0.938706 0.966056
0.940415 0.968987
0.943834 0.971429
0.932845 0.969475
0.937729 0.974359
0.929182 0.974359
0.927717 0.974603
0.927717 0.971917
0.930159 0.972161
0.930159 0.972161
0.933089 0.978266
0.932112 0.982662
0.929915 0.982418
0.925031 0.981685
0.921612 0.978266
0.920147 0.975580
0.924054 0.976313
0.918681 0.971673
0.920635 0.985592
0.920391 0.984860
0.918437 0.975824
0.918437 0.972405
0.917705 0.972894
0.918926 0.971673
0.918437 0.971917
0.920635 0.972161
0.915263 0.974847
0.915263 0.974847
0.914774 0.970208
0.914042 0.970940
0.915751 0.972405
0.915263 0.972894
0.913797 0.967277
0.919414 0.970452
0.917216 0.976801
0.918437 0.972405
0.918681 0.969475
0.921856 0.970208
0.917460 0.969963
0.916239 0.969719
0.916484 0.971184
0.918193 0.976068
0.918681 0.976801
0.915751 0.972894
0.918193 0.970940
0.915018 0.970208
0.915263 0.975824
0.916239 0.973138
0.915751 0.972161
0.915263 0.970208
0.914774 0.967766
0.915507 0.970452
0.915995 0.969963
0.916972 0.968010
0.915995 0.970940
0.916239 0.967766
0.917216 0.971917
0.918437 0.978510
0.919170 0.970452
0.914530 0.969475
0.915751 0.971673
0.919414 0.970208
0.920391 0.970208
0.915018 0.968010
0.912821 0.968254
0.912576 0.976801
0.911844 0.966300
0.913309 0.967033
0.913309 0.966300
0.910379 0.970452
0.908913 0.964835
0.908913 0.964347
0.911844 0.965079
0.908425 0.965324
0.907692 0.966056
0.908425 0.967033
0.909890 0.978266
0.907937 0.962637
0.907692 0.968742
0.908425 0.965568
0.908181 0.966300
0.907448 0.965079
0.910134 0.967033
0.907937 0.966789
0.908181 0.969231
0.908181 0.969231
0.906716 0.966056
0.908425 0.977778
0.906960 0.966545
0.907937 0.968742
0.907937 0.968742
0.907692 0.969963
0.907692 0.969963
0.906227 0.971184
0.911111 0.971917
0.906471 0.970452
0.906716 0.973382
0.907692 0.974603
0.908181 0.973871
0.908181 0.973871
0.917216 0.974359
0.915018 0.984127
0.915751 0.970696
0.918926 0.969963
0.918926 0.969963
0.920147 0.968254
0.925519 0.969719
0.925519 0.969719
0.918193 0.973626
0.917949 0.971917
0.919658 0.970208
0.922589 0.971673
0.924298 0.971184
0.925275 0.969231
0.928938 0.968010
0.928938 0.970940
0.931136 0.971673
0.931136 0.971673
0.933822 0.969231
0.935775 0.967766
0.936752 0.966300
0.935775 0.968010
0.934799 0.967033
0.935287 0.969963
0.933822 0.967277
0.932112 0.970696
0.932845 0.968742
0.928938 0.968742
0.931868 0.970208
0.924298 0.969963
0.922344 0.973138
0.923565 0.967521
0.923565 0.968498
0.926252 0.967033
0.927961 0.973138
0.930159 0.964103
0.930891 0.965812
0.930403 0.964347
0.932601 0.977289
0.929426 0.964835
0.926496 0.963370
0.923321 0.969231
0.924298 0.964591
0.915995 0.964347
0.912821 0.963614
0.911844 0.962637
0.910867 0.965812
0.912821 0.970208
0.914042 0.968010
0.913553 0.960195
0.913553 0.959707
0.914774 0.969231
0.909890 0.957509
0.908425 0.956044
0.910379 0.957753
0.905250 0.955800
0.903297 0.952625
0.901832 0.956777
0.900366 0.956288
0.898657 0.955311
0.899145 0.963126
0.899390 0.954823
0.896703 0.954335
0.896215 0.951893
0.897192 0.959707
0.899634 0.950916
0.895971 0.961172
0.892308 0.952137
0.891331 0.947741
0.893284 0.948230
0.889377 0.948474
0.887424 0.950672
0.886935 0.952381
0.886935 0.952381
0.887179 0.948474
0.887668 0.946764
0.886691 0.949451
0.887668 0.956044
0.886935 0.945055
0.885958 0.947985
0.886935 0.947741
0.892308 0.946764
0.887668 0.944567
0.887668 0.947741
0.884737 0.947497
0.884982 0.949451
0.884737 0.949695
0.885470 0.955800
0.885958 0.952381
0.886935 0.951160
0.886447 0.951160
0.887424 0.952869
0.888400 0.946764
0.889377 0.949939
0.889377 0.949939
0.892552 0.954823
0.898901 0.950183
0.900366 0.952137
0.906471 0.949206
0.901587 0.948230
0.902564 0.963126
0.905495 0.950672
0.905739 0.952137
0.904762 0.953602
0.909402 0.950427
0.911600 0.950427
0.915507 0.957021
0.922100 0.951404
0.929426 0.950916
0.932601 0.951404
0.933822 0.952625
0.930647 0.950427
0.927228 0.956044
0.926007 0.955556
0.925031 0.964103
0.922589 0.961661
0.924786 0.955556
0.927473 0.959951
0.933089 0.955556
0.938462 0.954090
0.942125 0.968498
0.941148 0.956288
0.944811 0.957753
0.943346 0.959219
0.946520 0.972894
0.941880 0.967521
0.941148 0.965079
0.940171 0.966545
0.943101 0.966545
0.947497 0.963858
0.951160 0.966056
0.954090 0.975092
0.950672 0.974115
0.946520 0.969719
0.943101 0.974359
0.938950 0.975824
0.936264 0.977045
0.933578 0.975336
0.934554 0.974603
0.934066 0.974603
0.932601 0.972405
0.932601 0.972161
0.930159 0.972161
0.925275 0.974847
0.926007 0.986569
0.920391 0.976801
0.920879 0.972894
0.924542 0.985104
0.923321 0.967277
0.924054 0.970452
0.921856 0.968254
0.920635 0.967033
0.918437 0.966545
0.918681 0.964347
0.917216 0.968498
0.915751 0.968254
0.912088 0.971184
0.912576 0.966300
0.914774 0.965812
0.913309 0.967033
0.910623 0.969963
0.911844 0.966300
0.913797 0.970940
0.914774 0.964103
0.915995 0.964347
0.918193 0.964347
0.916972 0.963370
0.922589 0.963614
0.915995 0.969963
0.915751 0.964835
0.915018 0.972161
0.915263 0.966545
0.918437 0.967766
0.916728 0.966300
0.915507 0.963370
0.915507 0.972894
0.915995 0.966056
0.916239 0.965079
0.915751 0.968010
0.915507 0.973626
0.919902 0.968010
0.917216 0.969963
0.916239 0.968498
0.916972 0.968254
0.916728 0.966789
0.917216 0.968010
0.917460 0.967766
0.915995 0.967033
0.916728 0.971673
0.915995 0.970940
0.916484 0.975824
0.915263 0.968987
0.915995 0.971917
0.914774 0.967033
0.914530 0.966789
0.915507 0.966056
0.914286 0.966056
0.914286 0.964347
0.915263 0.965568
0.915507 0.964347
0.916239 0.963858
0.917460 0.972405
0.915751 0.961905
0.916972 0.963614
0.919658 0.966056
0.918681 0.974847
0.918681 0.974847
0.920879 0.966789
0.918926 0.967766
0.918681 0.965079
0.920635 0.966056
0.920635 0.966789
0.920391 0.978755
0.918926 0.971429
0.918681 0.963858
0.917705 0.965079
0.917460 0.967033
0.917216 0.970452
0.916728 0.965079
0.918193 0.964347
0.919170 0.977778
0.916484 0.969475
0.916972 0.966789
0.917216 0.963614
0.917216 0.965079
0.917216 0.963126
0.919414 0.965079
0.919414 0.965079
0.918193 0.967521
0.918193 0.972894
0.925519 0.965568
0.921856 0.966545
0.921612 0.962882
0.920147 0.968498
0.920391 0.960684
0.920635 0.961172
0.920635 0.962149
0.920147 0.964591
0.919170 0.965324
0.918926 0.968742
0.918193 0.969231
0.917460 0.968987
0.918681 0.968254
0.920391 0.969475
0.920879 0.970452
0.916972 0.968987
0.919170 0.969963
0.916484 0.968987
0.918193 0.970696
0.917216 0.964591
0.918193 0.967521
0.918681 0.967521
0.921612 0.965568
0.919658 0.967521
0.921612 0.969231
0.920879 0.966789
0.920635 0.965324
0.920635 0.969231
0.922344 0.968010
0.920147 0.967766
0.919902 0.966789
0.923565 0.967033
0.918681 0.966545
0.919170 0.967277
0.918193 0.967766
0.923077 0.968498
0.918193 0.967033
0.919414 0.967277
0.922100 0.968010
0.916239 0.965079
0.917949 0.968010
0.915995 0.970208
0.915018 0.968254
0.916972 0.966545
0.915751 0.968987
0.913065 0.969719
0.912332 0.969963
0.912821 0.969963
0.912821 0.970696
0.912821 0.972405
0.913553 0.973382
0.911844 0.971184
0.913797 0.973138
0.912088 0.973871
0.914286 0.971917
0.911600 0.971184
0.912088 0.969963
0.914286 0.968987
0.912088 0.968010
0.915263 0.972405
0.912332 0.975336
0.914286 0.972894
0.916728 0.982173
0.915751 0.980708
0.914774 0.974115
0.914774 0.974603
0.914530 0.976557
0.912576 0.974847
0.915018 0.976801
0.911844 0.979243
0.912332 0.982906
0.910379 0.976801
0.916484 0.977534
0.909890 0.973626
0.910623 0.974847
0.911355 0.972405
0.911111 0.974847
0.911111 0.972894
0.914042 0.976068
0.910379 0.978022
0.912821 0.975336
0.910379 0.973871
0.908425 0.976068
0.907937 0.972405
0.906471 0.971429
0.905250 0.972894
0.904762 0.970696
0.905739 0.981197
0.902564 0.972650
0.902564 0.972650
0.902564 0.972650
0.904518 0.978022
0.903053 0.972161
0.903053 0.972161
0.905006 0.971184
0.905006 0.971184
0.902564 0.979731
0.897680 0.972650
0.897436 0.969963
0.895727 0.972894
0.893773 0.971917
0.897192 0.972405
0.892063 0.970452
0.890110 0.972161
0.889621 0.977289
0.889621 0.971184
0.887912 0.971184
0.886691 0.976068
0.884982 0.971673
0.884005 0.974603
0.889133 0.974847
0.882540 0.975092
0.882051 0.977289
0.880098 0.971429
0.880342 0.972161
0.880098 0.971184
0.880098 0.973871
0.879121 0.972894
0.877656 0.972405
0.875214 0.977534
0.874237 0.975824
0.873504 0.974359
0.873016 0.975824
0.872527 0.974359
0.873016 0.972405
0.873260 0.973626
0.873748 0.975092
0.874237 0.973871
0.870574 0.974115
0.871551 0.976313
0.869353 0.974847
0.867643 0.976068
0.868620 0.972894
0.869109 0.974847
0.870330 0.971184
0.868376 0.971429
0.868620 0.969475
0.868864 0.974603
0.868376 0.975824
0.873993 0.970940
0.869109 0.974115
0.874725 0.970696
0.868620 0.970696
0.874725 0.970452
0.868620 0.971184
0.868864 0.969475
0.869597 0.971429
0.871795 0.977045
0.870330 0.974847
0.870330 0.970208
0.873260 0.970208
0.873260 0.972161
0.876679 0.970452
0.879609 0.967766
0.883761 0.973871
0.887179 0.969475
0.889377 0.970696
0.888156 0.973382
0.887668 0.972161
0.894750 0.972894
0.894750 0.972894
0.894750 0.972894
0.902808 0.978510
0.905739 0.969231
0.909402 0.966789
0.915018 0.966789
0.917949 0.967033
0.917949 0.967033
0.911600 0.972894
0.907204 0.975824
0.907204 0.975824
0.913309 0.973871
0.914774 0.971917
0.915018 0.972650
0.915995 0.972650
0.916972 0.973626
0.923077 0.976801
0.928449 0.979731
0.931868 0.974847
0.933822 0.973871
0.934799 0.978510
0.935287 0.973871
0.937241 0.976068
0.938950 0.978999
0.934554 0.973871
0.935775 0.978266
0.932845 0.983639
0.935287 0.978022
0.931136 0.977778
0.930403 0.976313
0.930159 0.973871
0.930159 0.975336
0.928938 0.980708
0.926984 0.976557
0.927717 0.974847
0.927961 0.974603
0.926740 0.981197
0.926252 0.976801
0.924298 0.974847
0.921368 0.979731
0.919658 0.980464
0.918681 0.976801
0.922833 0.978999
0.919170 0.984615
0.915751 0.976801
0.915507 0.980464
0.921612 0.979731
0.916484 0.985592
0.912576 0.974847
0.913553 0.978510
0.911355 0.980464
0.908181 0.978266
0.907692 0.976801
0.906960 0.976801
0.905495 0.977778
0.905250 0.975092
0.902808 0.978022
0.903053 0.976068
0.904274 0.978022
0.902808 0.977045
0.901343 0.978266
0.905250 0.979976
0.902808 0.986325
0.899390 0.982906
0.899878 0.982662
0.899878 0.977289
0.901587 0.979976
0.901587 0.979976
0.899145 0.979731
0.898901 0.978755
0.902564 0.977778
0.907937 0.980220
0.908425 0.975336
0.908669 0.974359
0.909402 0.976313
0.910867 0.976068
0.909402 0.979731
0.906960 0.976313
0.906227 0.979243
0.905983 0.978510
0.905006 0.977289
0.903785 0.975824
0.903053 0.982173
0.902564 0.978755
0.904762 0.987790
0.902564 0.981929
0.903053 0.981929
0.901343 0.976068
0.901587 0.974847
0.903053 0.975336
0.904274 0.974115
0.905983 0.971917
0.906227 0.972405
0.913065 0.969475
0.911844 0.967277
0.915507 0.965812
0.915751 0.965079
0.917460 0.961905
0.918437 0.962149
0.918193 0.962149
0.918926 0.961172
0.915507 0.960928
0.917949 0.961416
0.914530 0.959707
0.913553 0.961905
0.913065 0.960928
0.913797 0.962393
0.911844 0.962637
0.913065 0.963614
0.911355 0.962149
0.910379 0.964591
0.906716 0.964103
0.910379 0.966545
0.911600 0.977045
0.910623 0.965079
0.909646 0.963614
0.909890 0.965812
0.913797 0.961416
0.911111 0.958974
0.910379 0.961172
0.910134 0.958242
0.910379 0.956288
0.911111 0.952381
0.911844 0.957509
0.911355 0.949451
0.911844 0.949939
0.912088 0.945543
0.910623 0.943346
0.914774 0.942613
0.911355 0.944322
0.912332 0.940415
0.911600 0.944811
0.911355 0.938706
0.913309 0.939683
0.911355 0.938217
0.911600 0.936996
0.910867 0.936020
0.912088 0.932357
0.919170 0.933333
0.911844 0.936264
0.911600 0.932601
0.914286 0.933822
0.911844 0.932601
0.910623 0.930403
0.911600 0.930403
0.910379 0.934799
0.917949 0.936020
0.915995 0.937729
0.911355 0.949206
0.908669 0.946032
0.908425 0.948718
0.911111 0.955311
0.906716 0.956777
0.905495 0.961172
0.905006 0.964591
0.904274 0.971184
0.905250 0.972894
0.905739 0.974603
0.903053 0.972894
0.903053 0.972894
0.902320 0.974115
0.903785 0.974847
0.905006 0.975336
0.905250 0.978755
0.905250 0.972894
0.906716 0.972894
0.904762 0.977289
0.905495 0.974115
0.902564 0.972161
0.900855 0.975092
0.900855 0.975824
0.904762 0.975580
0.898901 0.973382
0.901099 0.979731
0.900855 0.972650
0.901343 0.980220
0.900122 0.974359
0.904518 0.983150
0.902564 0.971917
0.905250 0.973871
0.906960 0.973871
0.912576 0.975580
0.909646 0.973626
0.912088 0.973382
0.914774 0.977045
0.915263 0.976313
0.918681 0.982418
0.918437 0.973138
0.920635 0.973382
0.921368 0.972405
0.921856 0.976068
0.923810 0.976068
0.926007 0.974115
0.927228 0.974359
0.922344 0.969963
0.922344 0.969963
0.922344 0.969963
0.920391 0.971429
0.915018 0.972894
0.912332 0.969231
0.912332 0.969231
0.906716 0.972894
0.906716 0.972894
0.906716 0.972894
0.904029 0.971917
0.901343 0.971184
0.901343 0.971429
0.907204 0.971673
0.907204 0.971673
0.907204 0.971673
0.902808 0.968498
0.906960 0.975580
0.903785 0.967766
0.903053 0.968987
0.902320 0.967521
0.900855 0.969231
0.905495 0.966789
0.896948 0.968254
0.895482 0.966789
0.893773 0.966300
0.893529 0.967277
0.893773 0.962882
0.894017 0.961172
0.892796 0.960440
0.891087 0.965324
0.888645 0.967277
0.889133 0.968254
0.885226 0.968987
0.888156 0.965079
0.885226 0.964835
0.890354 0.965079
0.884737 0.963370
0.884005 0.962149
0.882540 0.964103
0.881563 0.962393
0.880830 0.964347
0.878877 0.965324
0.878877 0.962149
0.879609 0.973138
0.879365 0.966789
0.878144 0.971917
0.876923 0.964835
0.876190 0.964103
0.877411 0.969475
0.876190 0.962393
0.876435 0.959463
0.876435 0.959463
0.875214 0.966545
0.879365 0.961416
0.875214 0.959463
0.874725 0.960684
0.876435 0.974115
0.874481 0.959707
0.873260 0.965324
0.873748 0.961172
0.874725 0.958974
0.874725 0.958974
0.873504 0.958974
0.873504 0.957998
0.871551 0.961172
0.874237 0.961172
0.871306 0.961172
0.871795 0.961416
0.871062 0.960195
0.874237 0.960195
0.873993 0.960684
0.871306 0.960195
0.871551 0.959463
0.872772 0.966056
0.879121 0.959951
0.878632 0.960195
0.876435 0.974359
0.875214 0.961172
0.879121 0.960440
0.881563 0.960195
0.882295 0.960928
0.888400 0.960684
0.888400 0.960684
0.884982 0.962637
0.888889 0.962637
0.889621 0.968498
0.889866 0.965568
0.896703 0.965079
0.896703 0.966789
0.901343 0.964347
0.907692 0.963858
0.915507 0.963126
0.915507 0.963126
0.918437 0.964103
0.919170 0.970940
0.916239 0.965812
0.913309 0.970940
0.913309 0.970940
0.908181 0.969963
0.907448 0.974115
0.906716 0.970452
0.912332 0.969963
0.913309 0.970452
0.917949 0.972894
0.924054 0.972405
0.925275 0.970696
0.925519 0.968987
0.925519 0.968987
0.925763 0.968987
0.926496 0.976313
0.927228 0.972161
0.922589 0.973138
0.926007 0.971673
0.929670 0.971917
0.933333 0.968987
0.933822 0.972405
0.930891 0.974115
0.933822 0.972894
0.927961 0.975824
0.925763 0.972894
0.924542 0.973138
0.927961 0.975092
0.926496 0.972650
0.926496 0.971917
0.925763 0.971184
0.928449 0.973138
0.925031 0.971429
0.923321 0.973871
0.923321 0.972161
0.920879 0.972405
0.918926 0.973871
0.918193 0.973626
0.919902 0.981441
0.920879 0.974847
0.919170 0.972894
0.917705 0.974847
0.915263 0.973382
0.911600 0.973871
0.911355 0.974359
0.910134 0.973138
0.909890 0.971673
0.913065 0.976557
0.910379 0.973138
0.910623 0.974847
0.913309 0.972161
0.912821 0.970696
0.915018 0.973138
0.915263 0.969719
0.920635 0.968987
0.919170 0.968742
0.921612 0.966789
0.934066 0.955067
0.938462 0.956044
0.937729 0.956288
0.934554 0.959951
0.932112 0.958974
0.930647 0.957265
0.928449 0.952869
0.926496 0.952625
0.930159 0.950672
0.933333 0.952137
0.926984 0.950916
0.933333 0.950183
0.930403 0.948718
0.929915 0.950183
0.929915 0.949939
0.930403 0.948474
0.933822 0.944078
0.940904 0.943346
0.942369 0.939683
0.945543 0.943590
0.948230 0.935043
0.950672 0.936508
0.949451 0.930159
0.949939 0.920635
0.953358 0.917705
0.952137 0.914286
0.953114 0.908669
0.955311 0.904518
0.964591 0.901587
0.959951 0.900122
0.956777 0.898413
0.957021 0.890110
0.966545 0.885958
0.955800 0.883272
0.956288 0.881563
0.956532 0.877656
0.956532 0.872039
0.955800 0.873504
0.955556 0.865934
0.957021 0.867643
0.958974 0.863736
0.963614 0.860073
0.955556 0.858120
0.955800 0.858608
0.954823 0.855433
0.955800 0.852991
0.955067 0.857143
0.956532 0.854212
0.953602 0.856654
0.951404 0.852015
0.952381 0.852015
0.952869 0.853236
0.959707 0.852259
0.952625 0.852015
0.951893 0.854701
0.953358 0.848596
0.954335 0.849817
0.951648 0.848352
0.954579 0.848596
0.952381 0.848107
0.952625 0.850305
0.953602 0.849328
0.953358 0.847619
0.952869 0.841514
0.951893 0.841026
0.952625 0.839316
0.952869 0.835653
0.954335 0.834432
0.952625 0.836630
0.962149 0.833944
0.954335 0.833211
0.955067 0.840293
0.952625 0.833455
0.953114 0.837363
0.952381 0.836142
0.958974 0.838095
0.952869 0.840781
0.949451 0.844200
0.950427 0.844444
0.951404 0.848596
0.957509 0.851282
0.949939 0.853724
0.945788 0.856166
0.943346 0.861050
0.942125 0.870330
0.941148 0.879121
0.936752 0.877167
0.937241 0.875214
0.933333 0.879121
0.931136 0.875946
0.928449 0.880830
0.927473 0.881563
0.924298 0.887424
0.930159 0.896948
0.920147 0.905739
0.913797 0.914774
0.910379 0.929182
0.909890 0.937729
0.911844 0.953114
0.916972 0.955311
0.927961 0.966056
0.918926 0.975824
0.917216 0.967277
0.925763 0.972405
0.920635 0.972405
0.917705 0.972650
0.918681 0.971429
0.918926 0.971429
0.919414 0.970940
0.921123 0.969963
0.923565 0.976313
0.923321 0.969719
0.925519 0.975336
0.925275 0.968498
0.926252 0.968254
0.926984 0.981197
0.925519 0.968987
0.924786 0.968987
0.926252 0.975824
0.923810 0.968987
0.922833 0.968987
0.923810 0.976313
0.923321 0.974359
0.922100 0.970208
0.920879 0.970452
0.920879 0.971917
0.922589 0.974115
0.921612 0.975824
0.924298 0.975580
0.927473 0.975824
0.928205 0.977289
0.930891 0.985348
0.928694 0.978999
0.926740 0.978999
0.928205 0.984860
0.925275 0.982418
0.924298 0.976801
0.923565 0.973626
0.927228 0.978510
0.929182 0.978755
0.926496 0.978755
0.920147 0.976068
0.919170 0.978510
0.917460 0.975824
0.916972 0.974115
0.919658 0.977045
0.913065 0.972650
0.912088 0.973871
0.911600 0.971917
0.909890 0.973871
0.913065 0.973626
0.913065 0.973626
0.909890 0.970940
0.909890 0.970940
0.906227 0.965079
0.911844 0.966056
0.903053 0.970696
0.901099 0.963126
0.902320 0.963858
0.902320 0.963858
0.902320 0.963858
0.902320 0.963858
0.902320 0.963858
0.897192 0.956044
0.894017 0.958242
0.892308 0.957509
0.892063 0.962393
0.892063 0.962393
0.891331 0.954335
0.889133 0.955311
0.887424 0.952625
0.886447 0.953358
0.885714 0.954335
0.884493 0.954335
0.885470 0.968498
0.882784 0.951893
0.882784 0.951893
0.880098 0.955800
0.881319 0.954579
0.886447 0.954823
0.880098 0.956044
0.880586 0.953846
0.882295 0.956044
0.883028 0.952869
0.885714 0.953846
0.879121 0.953846
0.878632 0.958242
0.879853 0.955311
0.880830 0.951648
0.881563 0.952869
0.885226 0.952869
0.886447 0.953358
0.882540 0.954090
0.886203 0.954579
0.885470 0.954090
0.887668 0.956288
0.888400 0.965079
0.888400 0.965079
0.891087 0.956777
0.890110 0.957021
0.896948 0.956288
0.890354 0.957265
0.895727 0.958242
0.894750 0.972405
0.895482 0.959951
0.902564 0.956777
0.901587 0.957265
0.902808 0.954090
0.905495 0.959707
0.903297 0.957998
0.905006 0.960928
0.901587 0.961661
0.904518 0.967766
0.908669 0.972894
0.912088 0.968987
0.914286 0.958242
0.918437 0.963858
0.922589 0.965079
0.926252 0.962637
0.928694 0.961416
0.930403 0.963370
0.932112 0.964591
0.931868 0.968010
0.928449 0.968987
0.927961 0.973871
0.925519 0.968254
0.923077 0.972894
0.923321 0.971917
0.922344 0.970940
0.920147 0.973382
0.921368 0.971429
0.921123 0.971673
0.923077 0.971673
0.926252 0.969231
0.931868 0.969719
0.927228 0.969231
0.926740 0.969475
0.925031 0.971184
0.925031 0.971184
0.922589 0.973626
0.921123 0.974359
0.925031 0.975824
0.920147 0.976313
0.927473 0.976068
0.920147 0.975336
0.918437 0.973871
0.918681 0.974115
0.917949 0.973871
0.917216 0.975580
0.917216 0.981441
0.915018 0.974115
0.913309 0.976313
0.913309 0.973626
0.912088 0.973626
0.911111 0.972894
0.909402 0.975336
0.907937 0.973626
0.907448 0.975336
0.908181 0.971917
0.909402 0.974603
0.914774 0.973871
0.908669 0.973382
0.906960 0.976068
0.905495 0.968987
0.903785 0.972894
0.902808 0.971673
0.906227 0.972405
0.902076 0.972894
0.902808 0.978022
0.901343 0.973138
0.905495 0.972894
0.905495 0.972894
0.913309 0.969475
0.918437 0.964835
0.915995 0.964103
0.914286 0.969963
0.914042 0.958974
0.905739 0.959707
0.900122 0.956777
0.899145 0.958486
0.895727 0.959463
0.896215 0.966056
0.896215 0.966300
0.902320 0.967033
0.899878 0.965079
0.897436 0.965568
0.895727 0.962882
0.894750 0.960684
0.894750 0.957265
0.893773 0.962637
0.886203 0.944078
0.868132 0.938462
0.847863 0.930891
0.832234 0.930159
0.822466 0.920879
0.817582 0.917949
0.815140 0.916972
0.817827 0.915995
0.821734 0.908425
0.821490 0.911355
0.820513 0.913065
0.820513 0.913065
0.816606 0.907692
0.813675 0.904762
0.809280 0.905739
0.804640 0.901343
0.799267 0.904274
0.796825 0.899390
0.791697 0.898657
0.791209 0.895238
0.789255 0.889866
0.790476 0.891331
0.789255 0.887424
0.789255 0.887424
0.789988 0.886203
0.787057 0.888400
0.787546 0.885958
0.784860 0.887912
0.782418 0.879609
0.778266 0.883028
0.772894 0.873504
0.767766 0.873748
0.762393 0.872283
0.758974 0.870818
0.754823 0.869841
0.754579 0.865690
0.753358 0.863492
0.752869 0.860806
0.754335 0.861783
0.755067 0.857875
0.754579 0.853236
0.754579 0.853236
0.752869 0.852503
0.753114 0.846642
0.752137 0.845177
0.752137 0.845177
0.749451 0.848107
0.747741 0.843223
0.745299 0.849084
0.742125 0.839805
0.738706 0.845665
0.733333 0.839560
0.731380 0.840781
0.727228 0.836386
0.726740 0.835409
0.722833 0.839560
0.722344 0.834921
0.719414 0.838584
0.717216 0.832967
0.716239 0.832479
0.715018 0.831258
0.714042 0.834188
0.712576 0.831258
0.712088 0.834188
0.711355 0.832479
0.709646 0.828327
0.708913 0.826618
0.709158 0.825641
0.708913 0.830281
0.708181 0.829060
0.706716 0.825397
0.706716 0.825397
0.703541 0.824664
