-0.00146484 -0.000732422 0.00140381
-0.00140381 -0.00115967 0.00140381
-0.00158691 -0.000976562 0.00146484
-0.00140381 -0.00115967 0.00134277
-0.00146484 -0.00109863 0.00109863
-0.00122070 -0.00115967 0.00103760
-0.00140381 -0.00109863 0.00109863
-0.00134277 -0.00103760 0.00115967
-0.00140381 -0.000976562 0.00103760
-0.00134277 -0.000793457 0.00103760
-0.00140381 -0.00122070 0.00128174
-0.00146484 -0.00109863 0.00140381
-0.00140381 -0.00140381 0.00128174
-0.00122070 -0.00109863 0.00152588
-0.00152588 -0.00146484 0.00158691
-0.00128174 -0.00146484 0.00140381
-0.00140381 -0.00140381 0.00152588
-0.00140381 -0.00134277 0.00140381
-0.00146484 -0.00152588 0.00177002
-0.00134277 -0.00170898 0.00170898
-0.00152588 -0.00158691 0.00195312
-0.00140381 -0.00189209 0.00170898
-0.00146484 -0.00164795 0.00152588
-0.00152588 -0.00189209 0.00170898
-0.00146484 -0.00152588 0.00170898
-0.00152588 -0.00152588 0.00201416
-0.00146484 -0.00140381 0.00158691
-0.00109863 -0.00128174 0.00158691
-0.00146484 -0.00134277 0.00170898
-0.00140381 -0.00128174 0.00183105
-0.00158691 -0.00128174 0.00158691
-0.00146484 -0.00146484 0.00128174
-0.00177002 -0.00122070 0.00158691
-0.00140381 -0.00109863 0.00115967
-0.00164795 -0.00128174 0.00103760
-0.00164795 -0.00103760 0.00122070
-0.00189209 -0.00109863 0.00128174
-0.00183105 -0.00109863 0.00109863
-0.00164795 -0.00109863 0.00109863
-0.00164795 -0.00109863 0.000915527
-0.00164795 -0.00134277 0.00109863
-0.00134277 -0.00122070 0.00109863
-0.00146484 -0.00134277 0.00115967
-0.00152588 -0.00140381 0.00115967
-0.00170898 -0.00115967 0.00122070
-0.00152588 -0.00109863 0.00103760
-0.00164795 -0.00128174 0.00115967
-0.00170898 -0.00115967 0.00128174
-0.00158691 -0.00134277 0.00146484
-0.00134277 -0.00128174 0.00128174
-0.00134277 -0.00134277 0.00158691
-0.00146484 -0.00122070 0.00146484
-0.00158691 -0.00122070 0.00158691
-0.00140381 -0.00128174 0.00140381
-0.00152588 -0.00109863 0.00128174
-0.00146484 -0.00115967 0.00146484
-0.00134277 -0.00146484 0.00134277
-0.00140381 -0.00109863 0.00122070
-0.00146484 -0.000915527 0.00103760
-0.00177002 -0.00103760 0.00122070
-0.00177002 -0.000854492 0.00109863
-0.00177002 -0.00122070 0.000793457
-0.00158691 -0.00134277 0.000915527
-0.00177002 -0.00152588 0.000976562
-0.00183105 -0.00134277 0.000915527
-0.00170898 -0.00158691 0.000976562
-0.00152588 -0.00140381 0.00103760
-0.00152588 -0.00158691 0.000671387
-0.00164795 -0.00158691 0.000915527
-0.00195312 -0.00152588 0.00103760
-0.00183105 -0.00115967 0.000793457
-0.00177002 -0.00103760 0.000976562
-0.00189209 -0.000854492 0.00103760
-0.00164795 -0.00128174 0.00115967
-0.00189209 -0.00152588 0.00128174
-0.00158691 -0.00128174 0.00128174
-0.00152588 -0.00115967 0.00115967
-0.00134277 -0.00115967 0.00128174
-0.00152588 -0.00128174 0.00152588
-0.00152588 -0.00128174 0.00158691
-0.00158691 -0.00152588 0.00170898
-0.00128174 -0.00152588 0.00158691
-0.00158691 -0.00170898 0.00170898
-0.00189209 -0.00158691 0.00164795
-0.00195312 -0.00158691 0.00140381
-0.00177002 -0.00146484 0.00152588
-0.00183105 -0.00140381 0.00158691
-0.00164795 -0.00109863 0.00140381
-0.00152588 -0.000915527 0.00103760
-0.00140381 -0.000976562 0.000976562
-0.00134277 -0.000732422 0.000854492
-0.00152588 -0.000183105 0.000732422
-0.00140381 -0.000488281 0.000549316
-0.00158691 -0.000427246 0.000671387
-0.00158691 -0.000793457 0.000976562
-0.00146484 -0.000549316 0.000427246
-0.00115967 -0.000610352 0.000732422
-0.00158691 -0.000976562 0.000732422
-0.00177002 -0.000610352 0.000854492
-0.00140381 -0.000671387 0.000854492
-0.00152588 -0.000976562 0.00122070
-0.00146484 -0.00103760 0.00128174
-0.00146484 -0.00103760 0.00128174
-0.00140381 -0.000976562 0.00128174
-0.00122070 -0.00134277 0.00122070
-0.00115967 -0.00128174 0.00164795
-0.00146484 -0.00128174 0.00134277
-0.00158691 -0.00140381 0.00195312
-0.00177002 -0.00109863 0.00177002
-0.00177002 -0.00115967 0.00152588
-0.00164795 -0.00140381 0.00170898
-0.00152588 -0.00134277 0.00177002
-0.00152588 -0.00158691 0.00183105
-0.00164795 -0.00134277 0.00183105
-0.00146484 -0.00164795 0.00195312
-0.00140381 -0.00146484 0.00183105
-0.00140381 -0.00146484 0.00183105
-0.00140381 -0.00146484 0.00183105
-0.00128174 -0.00103760 0.00177002
-0.00152588 -0.00103760 0.00183105
-0.00152588 -0.00122070 0.00146484
-0.00152588 -0.00115967 0.00122070
-0.00146484 -0.000793457 0.00103760
-0.00122070 -0.000793457 0.000854492
-0.00164795 -0.000488281 0.000671387
-0.00122070 -0.000671387 0.000610352
-0.00177002 -0.000732422 0.000244141
-0.00177002 -0.000671387 0.000122070
-0.00177002 -0.000976562 0.000305176
-0.00195312 -0.000793457 0.000183105
-0.00213623 -0.000976562 0.00000
-0.00189209 -0.000854492 0.000183105
-0.00183105 -0.00103760 0.000122070
-0.00201416 -0.00109863 0.000671387
-0.00158691 -0.00134277 0.000488281
-0.00152588 -0.00177002 0.000549316
-0.00146484 -0.00134277 0.000732422
-0.00170898 -0.00152588 0.00103760
-0.00170898 -0.00152588 0.00103760
-0.00195312 -0.00134277 0.00122070
-0.00183105 -0.00115967 0.00146484
-0.00201416 -0.00122070 0.00158691
-0.00201416 -0.000915527 0.00146484
-0.00207520 -0.00134277 0.00146484
-0.00164795 -0.00140381 0.00177002
-0.00164795 -0.00170898 0.00115967
-0.00164795 -0.00183105 0.00146484
-0.00146484 -0.00164795 0.00103760
-0.00146484 -0.00164795 0.00103760
-0.00158691 -0.00122070 0.000976562
-0.00189209 -0.00103760 0.000732422
-0.00158691 -0.000915527 0.000854492
-0.00170898 -0.00103760 0.000732422
-0.00170898 -0.000854492 0.000671387
-0.00170898 -0.000915527 0.000732422
-0.00177002 -0.00134277 0.000671387
-0.00177002 -0.000976562 0.00109863
-0.00134277 -0.000915527 0.000732422
-0.00177002 -0.00109863 0.000976562
-0.00170898 -0.000915527 0.00115967
-0.00152588 -0.00103760 0.000854492
-0.00152588 -0.00103760 0.000976562
-0.00122070 -0.000976562 0.00122070
-0.00115967 -0.00115967 0.00115967
-0.00134277 -0.00122070 0.00122070
-0.00128174 -0.00103760 0.00109863
-0.00122070 -0.000915527 0.00122070
-0.00134277 -0.000793457 0.00152588
-0.00115967 -0.000854492 0.00122070
-0.000915527 -0.00115967 0.00164795
-0.00103760 -0.00122070 0.00164795
-0.00115967 -0.00122070 0.00183105
-0.000854492 -0.000915527 0.00189209
-0.000854492 -0.000793457 0.00177002
-0.00115967 -0.00109863 0.00183105
-0.000854492 -0.000488281 0.00170898
-0.000793457 -0.000671387 0.00134277
-0.000732422 -0.000671387 0.00103760
-0.000732422 -0.000732422 0.00103760
-0.00122070 -0.000488281 0.000854492
-0.00122070 -0.000305176 0.000671387
-0.00146484 -0.000427246 0.000244141
-0.00183105 -0.000427246 0.00000
-0.00183105 -0.000366211 0.000122070
-0.00195312 -0.000122070 -0.000427246
-0.00195312 -0.000366211 -0.000366211
-0.00238037 -0.000427246 -0.000671387
-0.00250244 -0.000732422 -0.000488281
-0.00207520 -0.000854492 -0.000305176
-0.00207520 -0.000854492 -0.000305176
-0.00146484 -0.00134277 6.10352e-05
-0.00164795 -0.00164795 0.000366211
-0.00164795 -0.00134277 0.000671387
-0.00146484 -0.00146484 0.00109863
-0.00189209 -0.00128174 0.00146484
-0.00164795 -0.00164795 0.00152588
-0.00170898 -0.00134277 0.00170898
-0.00207520 -0.00158691 0.00189209
-0.00177002 -0.00158691 0.00213623
-0.00140381 -0.00134277 0.00213623
-0.00164795 -0.00122070 0.00225830
-0.00158691 -0.00134277 0.00177002
-0.00146484 -0.00152588 0.00189209
-0.00134277 -0.00158691 0.00183105
-0.00134277 -0.00158691 0.00183105
-0.00183105 -0.00146484 0.00183105
-0.00146484 -0.00128174 0.00164795
-0.00158691 -0.00134277 0.00146484
-0.00164795 -0.00115967 0.00146484
-0.00164795 -0.00115967 0.00140381
-0.00164795 -0.00140381 0.00140381
-0.00164795 -0.00146484 0.00140381
-0.00201416 -0.00140381 0.00140381
-0.00177002 -0.00158691 0.00158691
-0.00195312 -0.00158691 0.00134277
-0.00207520 -0.00140381 0.00158691
-0.00152588 -0.00146484 0.00122070
-0.00164795 -0.00122070 0.00109863
-0.00170898 -0.00122070 0.00109863
-0.00152588 -0.00109863 0.00128174
-0.00158691 -0.000854492 0.000976562
-0.00158691 -0.000854492 0.00103760
-0.00177002 -0.000854492 0.000854492
-0.00207520 -0.000671387 0.000671387
-0.00183105 -0.000549316 0.000366211
-0.00201416 -0.000732422 0.000488281
-0.00207520 -0.000671387 0.000610352
-0.00225830 -0.000854492 0.000488281
-0.00189209 -0.00122070 0.000427246
-0.00170898 -0.00115967 0.000427246
-0.00177002 -0.00122070 0.000183105
-0.00195312 -0.00140381 0.000488281
-0.00183105 -0.00140381 0.000488281
-0.00219727 -0.00122070 0.000244141
-0.00201416 -0.00134277 0.000488281
-0.00183105 -0.00128174 0.000366211
-0.00183105 -0.000976562 0.000549316
-0.00201416 -0.00115967 0.000610352
-0.00201416 -0.00115967 0.000610352
-0.00195312 -0.000976562 0.000671387
-0.00158691 -0.00115967 0.000915527
-0.00152588 -0.00128174 0.000915527
-0.00134277 -0.00122070 0.000976562
-0.00128174 -0.000793457 0.000915527
-0.00146484 -0.000915527 0.00115967
-0.00164795 -0.000915527 0.00122070
-0.00146484 -0.000671387 0.00109863
-0.00122070 -0.000793457 0.00109863
-0.00128174 -0.000305176 0.00122070
-0.00109863 -0.00103760 0.00152588
-0.00109863 -0.00103760 0.00152588
-0.000915527 -0.000793457 0.00170898
-0.00122070 -0.000976562 0.00146484
-0.00128174 -0.00115967 0.00195312
-0.00158691 -0.00109863 0.00183105
-0.00128174 -0.000976562 0.00183105
-0.00164795 -0.00122070 0.00195312
-0.00146484 -0.00146484 0.00195312
-0.00152588 -0.00152588 0.00189209
-0.00146484 -0.00158691 0.00183105
-0.00152588 -0.00152588 0.00183105
-0.00146484 -0.00134277 0.00140381
-0.00170898 -0.00170898 0.00152588
-0.00170898 -0.00170898 0.00152588
-0.00146484 -0.00128174 0.00134277
-0.00189209 -0.00103760 0.00128174
-0.00183105 -0.00103760 0.00103760
-0.00183105 -0.00122070 0.00103760
-0.00183105 -0.00103760 0.000854492
-0.00183105 -0.00128174 0.00103760
-0.00158691 -0.00115967 0.00122070
-0.00195312 -0.00115967 0.000976562
-0.00146484 -0.00103760 0.00109863
-0.00152588 -0.000854492 0.00109863
-0.00158691 -0.000854492 0.00103760
-0.00152588 -0.000793457 0.00103760
-0.00158691 -0.000671387 0.00115967
-0.00140381 -0.000793457 0.000854492
-0.00134277 -0.000915527 0.000854492
-0.00146484 -0.000854492 0.00109863
-0.00146484 -0.000610352 0.00115967
-0.00146484 -0.000610352 0.00115967
-0.00109863 -0.000976562 0.00109863
-0.00122070 -0.000793457 0.00115967
-0.00158691 -0.000732422 0.00115967
-0.00140381 -0.000915527 0.000854492
-0.00164795 -0.000976562 0.00109863
-0.00189209 -0.000854492 0.000732422
-0.00183105 -0.00122070 0.00103760
-0.00183105 -0.00128174 0.00115967
-0.00183105 -0.00115967 0.00115967
-0.00183105 -0.00115967 0.00115967
-0.00183105 -0.00140381 0.000915527
-0.00177002 -0.00134277 0.000915527
-0.00152588 -0.00122070 0.00103760
-0.00164795 -0.00122070 0.000976562
-0.00164795 -0.00109863 0.00109863
-0.00158691 -0.00109863 0.00109863
-0.00177002 -0.00103760 0.000976562
-0.00170898 -0.00122070 0.000915527
-0.00158691 -0.00122070 0.00109863
-0.00152588 -0.00134277 0.000915527
-0.00152588 -0.00134277 0.000915527
-0.00164795 -0.00109863 0.000976562
-0.00164795 -0.00109863 0.00134277
-0.00146484 -0.00109863 0.00122070
-0.00140381 -0.000854492 0.00115967
-0.00164795 -0.00109863 0.00140381
-0.00146484 -0.00122070 0.00140381
-0.00134277 -0.00115967 0.00146484
-0.00122070 -0.00103760 0.00122070
-0.00158691 -0.000976562 0.00158691
-0.00158691 -0.000976562 0.00158691
-0.00152588 -0.000976562 0.00128174
-0.00183105 -0.000976562 0.00140381
-0.00158691 -0.00152588 0.00146484
-0.00170898 -0.00109863 0.00128174
-0.00170898 -0.00109863 0.00128174
-0.00170898 -0.00109863 0.00128174
-0.00170898 -0.00115967 0.00140381
-0.00164795 -0.000915527 0.000915527
-0.00183105 -0.000915527 0.000854492
-0.00183105 -0.000915527 0.000854492
-0.00158691 -0.000793457 0.00109863
-0.00177002 -0.000793457 0.00122070
-0.00177002 -0.000976562 0.000915527
-0.00177002 -0.00109863 0.000915527
-0.00152588 -0.00109863 0.000854492
-0.00140381 -0.00122070 0.00109863
-0.00177002 -0.00103760 0.000732422
-0.00195312 -0.000671387 0.000671387
-0.00177002 -0.000671387 0.000915527
-0.00183105 -0.000732422 0.000610352
-0.00170898 -0.000732422 0.000854492
-0.00146484 -0.000854492 0.000610352
-0.00158691 -0.000549316 0.000732422
-0.00164795 -0.000732422 0.000854492
-0.00164795 -0.000976562 0.000915527
-0.00164795 -0.000793457 0.000915527
-0.00152588 -0.00103760 0.00122070
-0.00158691 -0.000976562 0.00115967
-0.00183105 -0.000915527 0.00122070
-0.00158691 -0.00134277 0.00134277
-0.00122070 -0.000976562 0.00158691
-0.00134277 -0.00140381 0.00152588
-0.00128174 -0.00140381 0.00164795
-0.00158691 -0.00128174 0.00152588
-0.00152588 -0.00140381 0.00128174
-0.00152588 -0.00109863 0.00109863
-0.00158691 -0.00103760 0.000915527
-0.00177002 -0.00122070 0.00103760
-0.00158691 -0.00115967 0.00103760
-0.00158691 -0.000915527 0.000793457
-0.00189209 -0.000732422 0.000915527
-0.00146484 -0.00103760 0.00109863
-0.00134277 -0.00122070 0.000976562
-0.00177002 -0.00109863 0.000976562
-0.00122070 -0.00109863 0.00122070
-0.00140381 -0.000915527 0.00109863
-0.00146484 -0.00122070 0.00122070
-0.00164795 -0.00115967 0.00122070
-0.00158691 -0.00115967 0.00164795
-0.00146484 -0.00122070 0.00134277
-0.00146484 -0.00122070 0.00134277
-0.00164795 -0.00140381 0.00140381
-0.00146484 -0.00109863 0.00122070
-0.00140381 -0.00109863 0.00115967
-0.00152588 -0.00103760 0.000854492
-0.00158691 -0.000854492 0.00122070
-0.00158691 -0.00109863 0.00115967
-0.00158691 -0.000976562 0.00103760
-0.00146484 -0.000976562 0.00128174
-0.00134277 -0.000854492 0.00109863
-0.00134277 -0.000854492 0.00109863
-0.00170898 -0.000854492 0.00109863
-0.00122070 -0.00103760 0.000915527
-0.00140381 -0.000976562 0.00103760
-0.00122070 -0.000793457 0.00115967
-0.00128174 -0.00115967 0.00146484
-0.00140381 -0.00128174 0.00134277
-0.00128174 -0.00109863 0.00134277
-0.00128174 -0.00134277 0.00152588
-0.00140381 -0.000976562 0.00140381
-0.00152588 -0.000854492 0.00122070
-0.00158691 -0.000976562 0.00134277
-0.00152588 -0.00103760 0.00115967
-0.00152588 -0.00109863 0.00103760
-0.00152588 -0.00109863 0.00103760
-0.00158691 -0.00134277 0.00128174
-0.00164795 -0.00128174 0.00146484
-0.00164795 -0.00128174 0.00146484
-0.00164795 -0.00128174 0.00146484
-0.00164795 -0.00128174 0.00146484
-0.00195312 -0.00158691 0.00170898
-0.00152588 -0.00146484 0.00195312
-0.00109863 -0.00164795 0.00207520
-0.00140381 -0.000976562 0.00170898
-0.00152588 -0.00140381 0.00170898
-0.00115967 -0.000915527 0.00146484
-0.00128174 -0.000610352 0.00109863
-0.00128174 -0.000610352 0.00109863
-0.00103760 -0.000549316 0.000610352
-0.000671387 -0.000427246 0.000305176
-0.00134277 -0.000305176 0.000183105
-0.00134277 -0.000305176 0.000183105
-0.00128174 0.000122070 -0.000244141
-0.00146484 0.000549316 -0.000793457
-0.00128174 0.000427246 -0.00103760
-0.00128174 0.000427246 -0.00103760
-0.00146484 0.000183105 -0.00103760
-0.00146484 0.000183105 -0.00103760
-0.00183105 -6.10352e-05 -0.000854492
-0.00183105 -6.10352e-05 -0.000854492
-0.00103760 -0.000488281 -0.000793457
-0.00115967 -0.000610352 -0.000732422
-0.000854492 -0.000732422 -0.000732422
-0.00109863 -0.00115967 -0.000427246
-0.00115967 -0.000854492 -0.000244141
-0.00109863 -0.00152588 -0.000122070
-0.00164795 -0.00146484 -6.10352e-05
-0.00177002 -0.00140381 0.000488281
-0.00158691 -0.00140381 0.000610352
-0.00183105 -0.00195312 0.000915527
-0.00177002 -0.00189209 0.00103760
-0.00146484 -0.00177002 0.00122070
-0.00122070 -0.00195312 0.00152588
-0.00140381 -0.00170898 0.00170898
-0.00140381 -0.00146484 0.00170898
-0.00140381 -0.00164795 0.00146484
-0.00115967 -0.00122070 0.00177002
-0.000915527 -0.00164795 0.00195312
-0.00115967 -0.00122070 0.00231934
-0.00109863 -0.00152588 0.00195312
-0.00128174 -0.000610352 0.00207520
-0.00128174 -0.00115967 0.00177002
-0.000854492 -0.00122070 0.00164795
-0.00115967 -0.00177002 0.00115967
-0.00170898 -0.00115967 0.00122070
-0.00152588 -0.00115967 0.000732422
-0.00201416 -0.000854492 0.000793457
-0.00177002 -0.000976562 0.000793457
-0.00177002 -0.000976562 0.000793457
-0.00177002 -0.000976562 0.000793457
-0.00201416 -0.00103760 0.000488281
-0.00207520 -0.000854492 0.000183105
-0.00207520 -0.000854492 0.000183105
-0.00207520 -0.000854492 0.000183105
-0.00164795 -0.00152588 0.000488281
-0.00195312 -0.00109863 0.000549316
-0.00170898 -0.00152588 0.000427246
-0.00183105 -0.00164795 0.000549316
-0.00164795 -0.00140381 0.000793457
-0.00164795 -0.00140381 0.000793457
-0.00158691 -0.00152588 0.000793457
-0.00164795 -0.00109863 0.000976562
-0.00152588 -0.00134277 0.000732422
-0.00164795 -0.00109863 0.000915527
-0.00128174 -0.000915527 0.000854492
-0.00146484 -0.000915527 0.00152588
-0.00164795 -0.000976562 0.00134277
-0.00128174 -0.000854492 0.00152588
-0.00134277 -0.00103760 0.00158691
-0.00128174 -0.00122070 0.00122070
-0.00103760 -0.00128174 0.00152588
-0.00122070 -0.00134277 0.00152588
-0.00122070 -0.00122070 0.00146484
-0.00128174 -0.00103760 0.00134277
-0.00152588 -0.000976562 0.00152588
-0.00146484 -0.000793457 0.00152588
-0.00170898 -0.000976562 0.00140381
-0.00170898 -0.00122070 0.00140381
-0.00158691 -0.00115967 0.00140381
-0.00152588 -0.00140381 0.00128174
-0.00152588 -0.00134277 0.00152588
-0.00146484 -0.00109863 0.00122070
-0.00128174 -0.00103760 0.00140381
-0.00177002 -0.000854492 0.00140381
-0.00170898 -0.000854492 0.00128174
-0.00164795 -0.000732422 0.00152588
-0.00170898 -0.000793457 0.00134277
-0.00170898 -0.000793457 0.00134277
-0.00170898 -0.000793457 0.00134277
-0.00170898 -0.000793457 0.00134277
-0.00103760 -0.00109863 0.00158691
-0.00115967 -0.00115967 0.00146484
-0.00122070 -0.000610352 0.00158691
-0.00122070 -0.000610352 0.00158691
-0.00134277 -0.000671387 0.00152588
-0.00134277 -0.000671387 0.00152588
-0.00115967 -0.000732422 0.00128174
-0.00152588 -0.000976562 0.00134277
-0.00152588 -0.000793457 0.00103760
-0.00250244 -0.000183105 0.000671387
-0.00238037 -0.000183105 0.000610352
-0.00250244 0.00000 0.000427246
-0.00195312 0.000366211 0.000366211
-0.00158691 0.000793457 0.000183105
-0.00158691 0.000976562 0.000488281
-0.00164795 0.000854492 0.000671387
-0.00128174 0.000793457 0.000122070
-0.00128174 0.000915527 -0.000244141
-0.00158691 0.00134277 -0.000732422
-0.00256348 0.00207520 -0.00103760
-0.00396729 0.00354004 -0.00170898
-0.00512695 0.00427246 -0.00183105
-0.00555420 0.00408936 -0.00195312
-0.00555420 0.00408936 -0.00195312
-0.00421143 0.00195312 -0.00231934
-0.00421143 0.00195312 -0.00231934
-0.00366211 0.000793457 -0.00299072
-0.00366211 0.000793457 -0.00299072
-0.00360107 0.000549316 -0.00317383
-0.00402832 6.10352e-05 -0.00311279
-0.00408936 -0.000305176 -0.00317383
-0.00384521 -6.10352e-05 -0.00317383
-0.00354004 -0.000183105 -0.00268555
-0.00354004 -0.000305176 -0.00231934
-0.00323486 -0.000244141 -0.00201416
-0.00286865 -0.000976562 -0.00128174
-0.00250244 -0.00103760 -0.000915527
-0.00170898 -0.00146484 -0.000488281
-0.00122070 -0.00225830 0.00000
-0.00115967 -0.00207520 0.000488281
-0.00109863 -0.00238037 0.00122070
-0.00103760 -0.00219727 0.00164795
-0.000732422 -0.00207520 0.00207520
-0.000976562 -0.00201416 0.00274658
-0.000976562 -0.00201416 0.00274658
-0.000976562 -0.00201416 0.00274658
-0.000976562 -0.00201416 0.00274658
-0.000183105 -0.00256348 0.00421143
-0.000305176 -0.00292969 0.00433350
-0.000244141 -0.00250244 0.00445557
-0.000122070 -0.00231934 0.00451660
-0.000183105 -0.00183105 0.00415039
-0.000427246 -0.00152588 0.00390625
-0.000427246 -0.00122070 0.00354004
-0.00115967 -0.000915527 0.00323486
-0.00122070 -0.000366211 0.00286865
-0.00134277 -0.000549316 0.00219727
-0.00128174 -0.000915527 0.00213623
-0.000732422 -0.00134277 0.00189209
-0.000610352 -0.00109863 0.00146484
-0.000732422 -0.00122070 0.000732422
-0.00103760 -0.00103760 0.00000
-0.00152588 -0.000427246 0.00000
-0.00225830 0.000122070 -0.000671387
-0.00225830 0.000122070 -0.000671387
-0.00268555 -0.000305176 -0.000610352
-0.00262451 -0.00109863 -0.000549316
-0.00299072 -0.000976562 -0.000366211
-0.00372314 -0.000915527 -0.000122070
-0.00372314 -0.00152588 0.000305176
-0.00329590 -0.00164795 0.000793457
-0.00341797 -0.00140381 0.00109863
-0.00305176 -0.00146484 0.00140381
-0.00238037 -0.00140381 0.00225830
-0.00250244 -0.00152588 0.00225830
-0.00256348 -0.000793457 0.00231934
-0.00231934 -0.000671387 0.00292969
-0.00231934 -0.000793457 0.00305176
-0.00244141 -0.000854492 0.00317383
-0.00262451 -0.000610352 0.00335693
-0.00311279 -0.00109863 0.00286865
-0.00311279 -0.000854492 0.00299072
-0.00323486 -0.00115967 0.00286865
-0.00390625 -0.00134277 0.00274658
-0.00360107 -0.00152588 0.00250244
-0.00360107 -0.00152588 0.00250244
-0.00323486 -0.00177002 0.00213623
-0.00415039 -0.00115967 0.00189209
-0.00396729 -0.00103760 0.00134277
-0.00421143 -0.000488281 0.00122070
-0.00488281 6.10352e-05 0.000976562
-0.00476074 -0.000427246 0.00103760
-0.00482178 -0.00128174 0.000915527
-0.00445557 -0.00189209 0.00128174
-0.00433350 -0.00201416 0.00109863
-0.00415039 -0.00250244 0.00109863
-0.00384521 -0.00268555 0.00103760
-0.00390625 -0.00305176 0.00128174
-0.00372314 -0.00329590 0.000915527
-0.00360107 -0.00329590 0.000915527
-0.00384521 -0.00280762 0.00103760
-0.00372314 -0.00280762 0.000793457
-0.00390625 -0.00268555 0.000976562
-0.00354004 -0.00299072 0.000915527
-0.00341797 -0.00250244 0.000854492
-0.00354004 -0.00286865 0.000915527
-0.00305176 -0.00268555 0.000793457
-0.00341797 -0.00170898 0.000732422
-0.00341797 -0.00170898 0.000732422
-0.00415039 -0.00152588 0.000610352
-0.00402832 -0.00146484 0.000427246
-0.00378418 -0.00152588 0.000671387
-0.00402832 -0.00103760 0.000732422
-0.00323486 -0.00158691 0.000549316
-0.00280762 -0.00158691 0.000854492
-0.00286865 -0.00170898 0.000671387
-0.00286865 -0.00170898 0.000671387
-0.00170898 -0.00115967 0.000854492
-0.00164795 -0.000915527 0.00103760
-0.000915527 -0.000549316 0.000854492
-0.000915527 -0.000122070 0.00115967
-0.000976562 -0.000244141 0.00158691
-0.000488281 -0.000305176 0.00189209
0.000244141 -0.000610352 0.00219727
0.000427246 -0.000732422 0.00268555
0.00115967 -0.00103760 0.00299072
0.00115967 -0.000854492 0.00317383
0.000915527 -0.000915527 0.00347900
0.00140381 -0.000732422 0.00347900
0.00183105 -0.000793457 0.00347900
0.00219727 -0.000854492 0.00354004
0.00213623 -0.000793457 0.00329590
0.00195312 -0.000366211 0.00329590
0.00152588 -0.000183105 0.00280762
0.000915527 0.000305176 0.00250244
0.000671387 0.000488281 0.00219727
0.000671387 6.10352e-05 0.00177002
0.000183105 0.000122070 0.00122070
-0.000732422 0.000732422 0.000427246
-0.00103760 0.000427246 0.00000
-0.00146484 0.000793457 -0.000305176
-0.00115967 0.000488281 -0.000183105
-0.000305176 0.000183105 -0.000244141
0.000305176 -0.000366211 -0.000305176
0.00109863 -0.000854492 -0.000549316
0.00158691 -0.000427246 -0.000122070
0.00158691 -0.000427246 -0.000122070
0.00177002 -0.000671387 0.000305176
0.00128174 -0.000854492 0.000732422
0.00103760 -0.000671387 0.000488281
6.10352e-05 6.10352e-05 0.000488281
-0.000549316 0.000244141 0.000854492
-0.000915527 -0.000610352 0.000732422
-0.00128174 -0.000915527 0.000549316
-0.00177002 -0.000915527 0.000549316
-0.00213623 -0.00109863 0.00103760
-0.00244141 -0.00122070 0.00115967
-0.00305176 -0.000915527 0.00128174
-0.00329590 -0.00103760 0.00128174
-0.00366211 0.000183105 0.00152588
-0.00408936 0.000366211 0.00158691
-0.00457764 0.000671387 0.00152588
-0.00433350 0.000793457 0.00158691
-0.00390625 0.000122070 0.00183105
-0.00286865 -0.000488281 0.00183105
-0.00189209 -0.000915527 0.00189209
-0.00115967 -0.00128174 0.00152588
-0.00122070 -0.000671387 0.00128174
-0.00164795 -0.000366211 0.000793457
-0.00140381 6.10352e-05 0.000488281
-0.00183105 0.000305176 0.000610352
-0.00170898 6.10352e-05 0.000732422
-0.00128174 -0.000610352 0.000732422
-0.000793457 -0.00109863 0.00115967
-0.000366211 -0.00170898 0.000976562
-0.000183105 -0.00128174 0.000915527
-0.000549316 -0.00115967 0.000854492
-0.000610352 -0.000793457 0.000671387
-0.000610352 -0.000854492 0.000366211
-0.000610352 -0.000732422 0.000671387
-0.000915527 -0.000732422 0.00122070
-0.00103760 -0.000610352 0.00158691
-0.000427246 -0.00158691 0.00213623
-0.000427246 -0.00262451 0.00219727
-0.000244141 -0.00274658 0.00244141
-0.000732422 -0.00177002 0.00256348
-0.000305176 -0.00109863 0.00262451
-0.000549316 -0.000915527 0.00286865
-0.000122070 -0.000732422 0.00311279
0.000549316 -0.000122070 0.00299072
0.000305176 0.000183105 0.00317383
0.000732422 -0.000427246 0.00317383
0.000793457 -0.000610352 0.00305176
0.000915527 -0.000610352 0.00280762
0.000244141 -0.000854492 0.00250244
0.000244141 -0.000854492 0.00250244
-0.000366211 -0.00122070 0.00225830
-0.000793457 -0.000610352 0.00177002
-0.000915527 -0.000854492 0.00128174
-0.00146484 -0.000854492 0.000915527
-0.00183105 -0.000854492 0.000427246
-0.00213623 -0.00103760 -6.10352e-05
-0.00256348 -0.00128174 -0.000427246
-0.00250244 -0.00109863 -0.00103760
-0.00286865 -0.00164795 -0.00152588
-0.00305176 -0.00164795 -0.00183105
-0.00335693 -0.00152588 -0.00195312
-0.00341797 -0.00164795 -0.00195312
-0.00323486 -0.00152588 -0.00201416
-0.00329590 -0.00189209 -0.00177002
-0.00311279 -0.00177002 -0.00177002
-0.00317383 -0.00134277 -0.00152588
-0.00274658 -0.00122070 -0.00103760
-0.00238037 -0.00146484 -0.000549316
-0.00225830 -0.000976562 -0.000122070
-0.00189209 -0.000854492 0.000671387
-0.00146484 -0.000793457 0.000915527
-0.000915527 -0.00122070 0.00158691
-0.000732422 -0.00122070 0.00183105
-0.000732422 -0.00115967 0.00225830
-0.000427246 -0.00122070 0.00262451
-0.000549316 -0.00115967 0.00256348
-0.000488281 -0.00115967 0.00244141
-0.000488281 -0.00103760 0.00256348
-0.000488281 -0.00103760 0.00268555
-0.000488281 -0.000976562 0.00213623
-0.000427246 -0.000732422 0.00207520
-0.000793457 -0.00115967 0.00177002
-0.000976562 -0.00115967 0.00158691
-0.000915527 -0.00109863 0.00109863
-0.00134277 -0.00134277 0.000671387
-0.00140381 -0.000854492 0.00103760
-0.00177002 -0.000732422 0.000610352
-0.00170898 -0.00109863 0.000671387
-0.00164795 -0.000976562 0.000732422
-0.00177002 -0.00103760 0.000671387
-0.00195312 -0.00128174 0.000671387
-0.00189209 -0.00109863 0.000915527
-0.00170898 -0.00115967 0.00122070
-0.00183105 -0.00103760 0.00128174
-0.00164795 -0.00115967 0.00152588
-0.00140381 -0.00103760 0.00158691
-0.00134277 -0.00140381 0.00183105
-0.00128174 -0.00134277 0.00195312
-0.00128174 -0.00103760 0.00164795
-0.00140381 -0.00134277 0.00183105
-0.00140381 -0.00115967 0.00164795
-0.00122070 -0.000915527 0.00134277
-0.00152588 -0.000610352 0.00152588
-0.00152588 -0.000732422 0.00140381
-0.00152588 -0.00103760 0.00115967
-0.00140381 -0.000732422 0.00128174
-0.00122070 -0.000793457 0.00128174
-0.00122070 -0.000793457 0.00128174
-0.00158691 -0.000854492 0.00115967
-0.00158691 -0.000488281 0.00103760
-0.00158691 -0.00103760 0.00115967
-0.00122070 -0.00109863 0.00128174
-0.00122070 -0.00109863 0.00128174
-0.00122070 -0.00109863 0.00128174
-0.00122070 -0.00109863 0.00128174
-0.00195312 -0.000549316 0.00128174
-0.00134277 -0.000732422 0.000854492
-0.00115967 -0.000732422 0.000854492
-0.00170898 -0.00115967 0.000732422
-0.00158691 -0.000671387 0.000671387
-0.00177002 -0.000732422 0.000732422
-0.00177002 -0.000732422 0.000732422
-0.00158691 -0.000549316 0.000793457
-0.00177002 -0.000732422 0.000549316
-0.00183105 -0.000671387 0.000793457
-0.00146484 -0.000732422 0.000732422
-0.00146484 -0.000732422 0.000732422
-0.00158691 -0.000854492 0.000915527
-0.00122070 -0.000305176 0.000976562
-0.00122070 -0.000305176 0.000976562
-0.000854492 -0.000793457 0.00109863
-0.00109863 -0.000488281 0.00103760
-0.000793457 -0.000610352 0.000976562
-0.000671387 -0.000488281 0.00103760
-0.00109863 -0.000793457 0.00109863
-0.000549316 -0.000549316 0.000976562
-0.000366211 -0.000732422 0.000915527
-0.000305176 -0.00109863 0.000976562
-6.10352e-05 -0.000976562 0.00109863
-0.000122070 -0.000732422 0.00109863
-6.10352e-05 -0.000488281 0.00103760
0.000366211 -0.000854492 0.00122070
0.000610352 -0.000671387 0.00115967
0.000488281 -0.000976562 0.00164795
0.000305176 -0.000793457 0.00164795
0.00000 -0.000976562 0.00158691
0.000244141 -0.000793457 0.00213623
0.000305176 -0.00115967 0.00250244
6.10352e-05 -0.00109863 0.00244141
-0.000305176 -0.000671387 0.00268555
-0.000488281 -0.000488281 0.00299072
-0.000976562 -0.000549316 0.00317383
-0.00140381 -0.000427246 0.00329590
-0.00195312 -0.000244141 0.00311279
-0.00225830 -0.000427246 0.00311279
-0.00183105 -0.000610352 0.00280762
-0.00164795 -0.00109863 0.00262451
-0.00201416 -0.00128174 0.00238037
-0.00158691 -0.00122070 0.00207520
-0.000976562 -0.00128174 0.00201416
-0.000671387 -0.00140381 0.00213623
-0.000427246 -0.00134277 0.00170898
6.10352e-05 -0.00103760 0.00177002
-0.000427246 -0.000976562 0.00189209
-0.000305176 -0.000976562 0.00231934
-0.000549316 -0.00134277 0.00262451
-0.000610352 -0.00152588 0.00323486
-0.000610352 -0.00207520 0.00329590
-0.000732422 -0.00201416 0.00341797
-0.000915527 -0.00219727 0.00390625
-0.00152588 -0.00231934 0.00427246
-0.00195312 -0.00207520 0.00421143
-0.00238037 -0.00244141 0.00476074
-0.00244141 -0.00262451 0.00506592
-0.00292969 -0.00305176 0.00518799
-0.00335693 -0.00311279 0.00488281
-0.00451660 -0.00183105 0.00445557
-0.00598145 -0.000915527 0.00415039
-0.00683594 -0.000244141 0.00366211
-0.00671387 0.00000 0.00317383
-0.00640869 -0.000366211 0.00286865
-0.00561523 -0.00134277 0.00219727
-0.00451660 -0.00219727 0.00170898
-0.00402832 -0.00250244 0.00140381
-0.00402832 -0.00238037 0.000793457
-0.00433350 -0.00183105 0.000244141
-0.00469971 -0.00140381 0.00000
-0.00482178 -0.00134277 -0.000183105
-0.00518799 -0.00128174 -0.000427246
-0.00512695 -0.00152588 -0.000183105
-0.00427246 -0.00183105 6.10352e-05
-0.00408936 -0.00189209 0.000122070
-0.00347900 -0.00177002 0.000122070
-0.00280762 -0.00213623 0.000366211
-0.00231934 -0.00219727 0.000549316
-0.00231934 -0.00219727 0.000549316
-0.00238037 -0.00164795 0.000732422
-0.00201416 -0.00109863 0.00109863
-0.00189209 -0.00115967 0.00103760
-0.00158691 -0.000610352 0.00103760
-0.00103760 -0.000488281 0.000793457
-0.00115967 -0.000427246 0.00103760
-0.00170898 6.10352e-05 0.00115967
-0.00238037 0.000305176 0.00134277
-0.00207520 0.000427246 0.00134277
-0.00164795 0.000427246 0.00122070
-0.00134277 -0.000122070 0.00122070
-0.000793457 -0.000244141 0.00122070
-0.000488281 -6.10352e-05 0.000854492
0.00000 0.000122070 0.000976562
-0.000122070 0.000610352 0.000976562
6.10352e-05 0.000488281 0.000854492
0.000122070 0.000305176 0.00103760
-0.000244141 0.000366211 0.000671387
-6.10352e-05 0.000305176 0.000488281
-0.000427246 6.10352e-05 0.000732422
-0.000305176 0.000183105 0.000610352
0.000305176 -0.000427246 0.000244141
0.000610352 -0.000671387 0.000305176
0.000366211 -0.000793457 0.00000
0.000183105 -0.000915527 -6.10352e-05
-6.10352e-05 -0.00109863 -6.10352e-05
-0.000427246 -0.000305176 -0.000122070
-0.000488281 -0.000671387 -0.000610352
-0.000732422 -0.000488281 -0.000549316
-0.000976562 -0.000549316 -0.000366211
-0.00128174 -0.000610352 -0.000366211
-0.00115967 -0.00115967 -0.000366211
-0.00122070 -0.00152588 -0.000610352
-0.00170898 -0.00128174 -0.000427246
-0.00183105 -0.000854492 -0.000366211
-0.00268555 -0.000610352 -0.000122070
-0.00262451 -0.000671387 0.000244141
-0.00305176 -0.000793457 0.000366211
-0.00305176 -0.000549316 0.000915527
-0.00238037 -0.000976562 0.000793457
-0.00189209 -0.00115967 0.000793457
-0.00213623 -0.00109863 0.000671387
-0.00256348 -0.000671387 0.000793457
-0.00244141 -0.000610352 0.000732422
-0.00280762 -0.000549316 0.000793457
-0.00250244 -0.000671387 0.000915527
-0.00238037 -0.000732422 0.000549316
-0.00311279 -0.000305176 0.000610352
-0.00317383 0.00000 0.000610352
-0.00250244 -6.10352e-05 0.000427246
-0.00164795 -0.000366211 0.000366211
-0.00134277 -0.00109863 0.000549316
-0.00146484 -0.00115967 0.000366211
-0.00152588 -0.000610352 0.000732422
-0.00146484 -0.000427246 0.000610352
-0.00103760 -0.000366211 0.000549316
-0.000915527 0.000488281 0.000305176
-0.00128174 0.000732422 -0.000122070
-0.00244141 0.00207520 -0.000183105
-0.00366211 0.00250244 -0.000122070
-0.00354004 0.00231934 -0.000183105
-0.00354004 0.00158691 -0.000244141
-0.00311279 0.000732422 -6.10352e-05
-0.00305176 0.000488281 0.00000
-0.00311279 0.000732422 -6.10352e-05
-0.00268555 0.000549316 0.000122070
-0.00244141 6.10352e-05 -0.000122070
-0.00286865 0.000488281 -0.000366211
-0.00366211 0.000915527 -0.000427246
-0.00360107 0.00122070 0.000122070
-0.00335693 0.000427246 0.000488281
-0.00274658 -0.000976562 0.000854492
-0.00158691 -0.00146484 0.00103760
-0.00152588 -0.00146484 0.00122070
-0.00128174 -0.00103760 0.000854492
-0.000976562 -0.000915527 0.000793457
-0.000915527 -0.000671387 0.000610352
-0.000915527 -0.000610352 0.00115967
-0.000671387 -0.00103760 0.00140381
-0.000427246 -0.00158691 0.00225830
-0.000305176 -0.00170898 0.00244141
-0.000305176 -0.00158691 0.00268555
-0.000305176 -0.00152588 0.00317383
0.000305176 -0.00201416 0.00341797
0.000915527 -0.00286865 0.00366211
0.00201416 -0.00335693 0.00396729
0.00305176 -0.00415039 0.00378418
0.00408936 -0.00384521 0.00360107
0.00439453 -0.00360107 0.00354004
0.00469971 -0.00335693 0.00305176
0.00457764 -0.00366211 0.00280762
0.00402832 -0.00299072 0.00262451
0.00323486 -0.00244141 0.00170898
0.00201416 -0.00183105 0.00170898
0.000610352 -0.00115967 0.00109863
-0.000610352 -0.000793457 0.000549316
-0.00164795 -0.000976562 6.10352e-05
-0.00195312 -0.000915527 -0.000244141
-0.00238037 -0.00122070 -0.000427246
-0.00256348 -0.00122070 -0.000549316
-0.00305176 -0.00195312 -0.000366211
-0.00305176 -0.00195312 -0.000366211
-0.00305176 -0.00195312 -0.000122070
-0.00311279 -0.00195312 0.00000
-0.00317383 -0.00170898 -6.10352e-05
-0.00305176 -0.00177002 0.000244141
-0.00274658 -0.00152588 0.000305176
-0.00286865 -0.00128174 0.000549316
-0.00250244 -0.000976562 0.000671387
-0.00189209 -0.000854492 0.000793457
-0.00152588 -0.00115967 0.000976562
-0.00103760 -0.00134277 0.00134277
-0.000793457 -0.00134277 0.00140381
-0.000793457 -0.00122070 0.00164795
-0.000732422 -0.00103760 0.00158691
-0.000976562 -0.000793457 0.00189209
-0.000854492 -0.000976562 0.00170898
-0.000854492 -0.000976562 0.00170898
-0.000793457 -0.000854492 0.00225830
-0.000915527 -0.00109863 0.00219727
-0.000793457 -0.00122070 0.00238037
-0.000427246 -0.00122070 0.00256348
-0.000366211 -0.00170898 0.00256348
-0.000122070 -0.00152588 0.00256348
0.00000 -0.00170898 0.00280762
0.000183105 -0.00158691 0.00292969
-0.000244141 -0.00177002 0.00299072
-0.000427246 -0.00158691 0.00317383
-0.000366211 -0.00134277 0.00305176
-0.000793457 -0.00134277 0.00299072
-0.000915527 -0.00128174 0.00305176
-0.00109863 -0.00128174 0.00299072
-0.00109863 -0.00128174 0.00299072
-0.00115967 -0.00152588 0.00286865
-0.00128174 -0.00158691 0.00225830
-0.000976562 -0.00146484 0.00256348
-0.00103760 -0.00122070 0.00219727
-0.00134277 -0.00122070 0.00238037
-0.00134277 -0.00122070 0.00189209
-0.00152588 -0.000793457 0.00189209
-0.00158691 -0.00103760 0.00183105
-0.00164795 -0.00109863 0.00177002
-0.00140381 -0.000610352 0.00183105
-0.00122070 -0.00109863 0.00152588
-0.00128174 -0.00115967 0.00164795
-0.00103760 -0.00122070 0.00177002
-0.00115967 -0.000976562 0.00201416
-0.00115967 -0.00146484 0.00195312
-0.00109863 -0.00109863 0.00219727
-0.000915527 -0.00158691 0.00256348
-0.000793457 -0.00164795 0.00280762
-0.000427246 -0.00158691 0.00292969
-0.000610352 -0.00170898 0.00311279
-0.000610352 -0.00170898 0.00311279
-0.000671387 -0.00146484 0.00311279
-0.000549316 -0.00122070 0.00268555
-0.000732422 -0.000671387 0.00274658
-0.000671387 -0.000671387 0.00244141
-0.000793457 -6.10352e-05 0.00201416
-0.000915527 -0.000183105 0.00146484
-0.00134277 -0.000183105 0.00122070
-0.00177002 -0.000122070 0.000732422
-0.00158691 -0.000427246 6.10352e-05
-0.00164795 -0.000549316 -0.000122070
-0.00164795 -0.00103760 -0.000366211
-0.00177002 -0.000732422 -0.000671387
-0.00201416 -0.00103760 -0.000793457
-0.00213623 -0.000793457 -0.000549316
-0.00213623 -0.000671387 -0.000732422
-0.00219727 -0.00122070 -0.000549316
-0.00219727 -0.000854492 -0.000244141
-0.00219727 -0.000976562 0.000244141
-0.00219727 -0.00115967 0.000427246
-0.00219727 -0.00115967 0.000427246
-0.00170898 -0.00128174 0.00146484
-0.00164795 -0.00115967 0.00146484
-0.00164795 -0.00140381 0.00170898
-0.00128174 -0.00115967 0.00250244
-0.00109863 -0.00134277 0.00231934
-0.000915527 -0.00128174 0.00256348
-0.000915527 -0.00109863 0.00250244
-0.00103760 -0.000976562 0.00225830
-0.000976562 -0.00122070 0.00213623
-0.00109863 -0.000854492 0.00219727
-0.00103760 -0.000732422 0.00170898
-0.00109863 -0.000976562 0.00122070
-0.00134277 -0.00115967 0.00109863
-0.00140381 -0.000549316 0.000854492
-0.00183105 -0.000915527 0.000854492
-0.00177002 -0.000976562 0.000732422
-0.00250244 -0.00103760 0.000366211
-0.00225830 -0.00103760 0.000244141
-0.00244141 -0.00103760 -6.10352e-05
-0.00256348 -0.000976562 -6.10352e-05
-0.00231934 -0.00109863 -0.000305176
-0.00268555 -0.000671387 -0.000366211
-0.00213623 -0.000610352 -0.000305176
-0.00244141 -0.000793457 -6.10352e-05
-0.00238037 -0.000427246 -0.000183105
-0.00207520 -0.000305176 -0.000183105
-0.00219727 -0.000427246 -0.000488281
-0.00201416 -0.000305176 -0.000244141
-0.00213623 -0.000427246 -0.000488281
-0.00244141 -0.000122070 -0.000427246
-0.00207520 -0.000610352 -6.10352e-05
-0.00201416 -0.000488281 -0.000244141
-0.00177002 -0.000732422 0.00000
-0.00244141 -0.000610352 6.10352e-05
-0.00231934 -0.000244141 6.10352e-05
-0.00250244 -6.10352e-05 0.000488281
-0.00207520 6.10352e-05 0.000366211
-0.00256348 -0.000244141 0.000183105
-0.00238037 -0.000122070 0.000183105
-0.00225830 -0.000549316 0.000366211
-0.00219727 -0.000305176 0.000366211
-0.00219727 0.00000 0.000427246
-0.00207520 -0.000305176 0.000427246
-0.00195312 0.000122070 0.000183105
-0.00189209 6.10352e-05 0.000122070
-0.00177002 0.000122070 0.00000
-0.00152588 0.00000 -0.000122070
-0.00158691 -0.000244141 -0.000244141
-0.00164795 -0.000366211 -0.000427246
-0.00170898 -0.000671387 -6.10352e-05
-0.00183105 -0.000793457 -0.000366211
-0.00231934 -0.000610352 -0.000488281
-0.00256348 -0.000549316 -0.000366211
-0.00231934 -0.000610352 -0.000244141
-0.00207520 -0.000732422 6.10352e-05
-0.00213623 -0.000915527 0.00000
-0.00177002 -0.00140381 -6.10352e-05
-0.000976562 -0.00183105 6.10352e-05
-0.00140381 -0.00158691 0.000610352
-0.00109863 -0.00140381 0.000549316
-0.00152588 -0.00109863 0.000793457
-0.00170898 -0.000854492 0.00103760
-0.00128174 -0.000915527 0.00115967
-0.00115967 -0.00128174 0.00146484
-0.000915527 -0.00140381 0.00158691
-0.000732422 -0.00146484 0.00183105
-0.000915527 -0.00128174 0.00201416
-0.000976562 -0.000854492 0.00183105
-0.00103760 -0.000915527 0.00238037
-0.000915527 -0.00177002 0.00219727
-0.000671387 -0.00152588 0.00219727
-0.000671387 -0.00152588 0.00219727
-0.000671387 -0.00152588 0.00219727
-0.000854492 -0.00158691 0.00244141
-0.000610352 -0.00177002 0.00268555
-0.000610352 -0.00177002 0.00268555
-0.000610352 -0.00195312 0.00268555
-0.000610352 -0.00195312 0.00268555
-0.000915527 -0.00201416 0.00292969
-0.00103760 -0.00170898 0.00299072
-0.00140381 -0.00189209 0.00292969
-0.00140381 -0.00195312 0.00286865
-0.00164795 -0.00213623 0.00323486
-0.00177002 -0.00225830 0.00323486
-0.00189209 -0.00231934 0.00299072
-0.00225830 -0.00274658 0.00305176
-0.00256348 -0.00256348 0.00292969
-0.00274658 -0.00250244 0.00262451
-0.00323486 -0.00177002 0.00238037
-0.00311279 -0.00195312 0.00225830
-0.00299072 -0.00201416 0.00231934
-0.00347900 -0.00183105 0.00170898
-0.00396729 -0.00158691 0.00177002
-0.00451660 -0.00140381 0.00134277
-0.00384521 -0.00170898 0.00109863
-0.00347900 -0.00170898 0.000854492
-0.00335693 -0.00231934 0.000244141
-0.00335693 -0.00170898 0.000549316
-0.00335693 -0.00164795 0.000122070
-0.00347900 -0.00128174 -0.000427246
-0.00366211 -0.00109863 -0.000610352
-0.00372314 -0.000915527 -0.000244141
-0.00329590 -0.00115967 6.10352e-05
-0.00317383 -0.00183105 0.000488281
-0.00268555 -0.00164795 0.000549316
-0.00280762 -0.00134277 0.000427246
-0.00268555 -0.00134277 0.000793457
-0.00250244 -0.00140381 0.00109863
-0.00225830 -0.00177002 0.00146484
-0.00170898 -0.00189209 0.00183105
-0.00146484 -0.00189209 0.00244141
-0.000671387 -0.00219727 0.00268555
-0.000732422 -0.00262451 0.00274658
-0.000488281 -0.00231934 0.00305176
-0.000610352 -0.00219727 0.00280762
-0.000854492 -0.00250244 0.00311279
-0.000854492 -0.00262451 0.00299072
-0.00115967 -0.00292969 0.00317383
-0.00103760 -0.00311279 0.00305176
-0.00103760 -0.00329590 0.00311279
-0.00128174 -0.00329590 0.00305176
-0.00146484 -0.00311279 0.00274658
-0.00177002 -0.00268555 0.00244141
-0.00152588 -0.00213623 0.00225830
-0.00158691 -0.00183105 0.00201416
-0.00195312 -0.00140381 0.00152588
-0.00207520 -0.00103760 0.00146484
-0.00231934 -0.00103760 0.00134277
-0.00262451 -0.000854492 0.00122070
-0.00225830 -0.000915527 0.00103760
-0.00164795 -0.000976562 0.000976562
-0.00109863 -0.000610352 0.000732422
-0.00109863 -0.000854492 0.000793457
-0.000427246 -0.000488281 0.000549316
-0.000183105 -0.000366211 0.000488281
0.000183105 0.000244141 0.000488281
-6.10352e-05 0.000305176 0.000305176
-0.000244141 0.000488281 0.000671387
0.000427246 0.00000 0.000976562
0.000610352 -0.000366211 0.000915527
0.000732422 -0.000305176 0.00122070
0.000610352 -0.000610352 0.00134277
0.000610352 -0.000610352 0.00134277
0.00115967 -0.000244141 0.00109863
0.000427246 0.000366211 0.000854492
0.000427246 0.000427246 0.000488281
0.00000 0.000610352 0.000244141
-0.000427246 0.000366211 0.00000
-0.000915527 0.000610352 -0.000488281
-0.00140381 0.000366211 -0.000549316
-0.00170898 0.00000 -0.000488281
-0.00201416 6.10352e-05 -0.000244141
-0.00244141 -0.000549316 -0.000488281
-0.00262451 -0.000427246 -0.000549316
-0.00268555 -0.000976562 -0.000183105
-0.00244141 -0.000915527 -6.10352e-05
-0.00305176 -0.000793457 0.000305176
-0.00366211 -0.000671387 0.000427246
-0.00347900 -0.00115967 0.00115967
-0.00317383 -0.00103760 0.00177002
-0.00231934 -0.00183105 0.00219727
-0.00152588 -0.00189209 0.00244141
-0.000915527 -0.00177002 0.00335693
-0.000488281 -0.00158691 0.00396729
-0.000366211 -0.00109863 0.00421143
0.00000 -0.000610352 0.00433350
-6.10352e-05 -0.000427246 0.00439453
0.000122070 0.00000 0.00445557
0.000122070 0.000183105 0.00390625
-0.000366211 0.000427246 0.00317383
-0.00103760 0.000732422 0.00268555
-0.00146484 0.000671387 0.00213623
-0.00152588 0.000488281 0.00164795
-0.00146484 -0.000244141 0.000854492
-0.00146484 -0.000671387 0.000427246
-0.00189209 -0.000854492 -0.000366211
-0.00238037 -0.000549316 -0.000732422
-0.00262451 -0.000732422 -0.00128174
-0.00299072 -0.000183105 -0.00146484
-0.00390625 0.000366211 -0.00170898
-0.00494385 0.000427246 -0.00146484
-0.00494385 0.000488281 -0.00122070
-0.00457764 6.10352e-05 -0.000793457
-0.00390625 -0.000732422 -0.000366211
-0.00305176 -0.000915527 0.000122070
-0.00225830 -0.00103760 0.000366211
-0.00201416 -0.00128174 0.000183105
-0.00238037 -0.000610352 0.000610352
-0.00189209 -0.000305176 0.000793457
-0.00189209 -0.000671387 0.00122070
-0.00146484 -0.000793457 0.00152588
-0.00158691 -0.00128174 0.00183105
-0.00146484 -0.00140381 0.00201416
-0.00115967 -0.00158691 0.00244141
-0.000671387 -0.00140381 0.00238037
-0.000488281 -0.00201416 0.00225830
-0.000793457 -0.00177002 0.00207520
-0.000915527 -0.00122070 0.00250244
-0.00103760 -0.00146484 0.00201416
-0.000793457 -0.00170898 0.00183105
-0.000854492 -0.00158691 0.00207520
-0.000915527 -0.00164795 0.00152588
-0.00128174 -0.00213623 0.00146484
-0.00170898 -0.00201416 0.00128174
-0.00213623 -0.00164795 0.000915527
-0.00207520 -0.00170898 0.000915527
-0.00207520 -0.00170898 0.000610352
-0.00207520 -0.00134277 0.000244141
-0.00225830 -0.00170898 0.000183105
-0.00244141 -0.00103760 0.000305176
-0.00225830 -0.00140381 0.000549316
-0.00164795 -0.00158691 0.000732422
-0.00177002 -0.00189209 0.00115967
-0.00103760 -0.00195312 0.00122070
-0.00103760 -0.00195312 0.00122070
-0.00103760 -0.00195312 0.00122070
-0.00115967 -0.00140381 0.00201416
-0.000854492 -0.00115967 0.00225830
-0.000610352 -0.00158691 0.00256348
-0.000732422 -0.00164795 0.00244141
-0.000427246 -0.00152588 0.00262451
-0.000488281 -0.00146484 0.00299072
-0.000244141 -0.00134277 0.00268555
-0.000183105 -0.00140381 0.00238037
0.000122070 -0.00140381 0.00256348
-6.10352e-05 -0.00115967 0.00244141
-0.000305176 -0.00115967 0.00219727
-0.000427246 -0.00103760 0.00213623
-0.000732422 -0.00115967 0.00201416
-0.000732422 -0.00122070 0.00177002
-0.00115967 -0.00146484 0.00170898
-0.00140381 -0.00146484 0.00146484
-0.00134277 -0.00134277 0.00152588
-0.00146484 -0.00164795 0.00134277
-0.00152588 -0.00158691 0.000915527
-0.00238037 -0.00158691 0.00109863
-0.00238037 -0.00134277 0.00122070
-0.00286865 -0.00134277 0.00122070
-0.00207520 -0.00146484 0.00103760
-0.00195312 -0.00152588 0.00140381
-0.00158691 -0.00158691 0.00164795
-0.00152588 -0.00177002 0.00170898
-0.00152588 -0.00158691 0.00177002
-0.00189209 -0.00128174 0.00177002
-0.00152588 -0.00109863 0.00183105
-0.00152588 -0.00122070 0.00183105
-0.00140381 -0.00158691 0.00195312
-0.00103760 -0.00152588 0.00195312
-0.000732422 -0.00140381 0.00201416
-0.00140381 -0.00146484 0.00170898
-0.00122070 -0.000976562 0.00152588
-0.00128174 -0.000854492 0.00158691
-0.00134277 -0.000793457 0.00177002
-0.00140381 -0.000732422 0.00134277
-0.00152588 -0.000854492 0.00109863
-0.00152588 -0.000854492 0.00109863
-0.00177002 -0.000915527 0.000976562
-0.00146484 -0.000915527 0.00115967
-0.00158691 -0.000671387 0.000610352
-0.00158691 -0.000732422 0.000854492
-0.00183105 -0.00103760 0.000671387
-0.00207520 -0.000915527 0.000732422
-0.00195312 -0.00122070 0.000671387
-0.00177002 -0.000976562 0.000671387
-0.00170898 -0.00134277 0.000854492
-0.00177002 -0.00109863 0.000671387
-0.00170898 -0.00109863 0.000854492
-0.00170898 -0.00140381 0.000976562
-0.00152588 -0.00109863 0.00109863
-0.00164795 -0.000976562 0.00122070
-0.00152588 -0.00134277 0.00115967
-0.00183105 -0.00134277 0.00152588
-0.00146484 -0.00152588 0.00140381
-0.00170898 -0.00140381 0.00152588
-0.00140381 -0.00134277 0.00146484
-0.00140381 -0.00122070 0.00183105
-0.00128174 -0.00146484 0.00177002
-0.00146484 -0.00140381 0.00177002
-0.00134277 -0.00128174 0.00158691
-0.00146484 -0.00134277 0.00164795
-0.00128174 -0.00152588 0.00158691
-0.00134277 -0.00115967 0.00164795
-0.00128174 -0.00115967 0.00152588
-0.00128174 -0.000915527 0.00170898
-0.00115967 -0.00103760 0.00152588
-0.00115967 -0.00115967 0.00140381
-0.00115967 -0.000915527 0.00140381
-0.00115967 -0.000793457 0.00115967
-0.00140381 -0.000549316 0.00122070
-0.00164795 -0.000854492 0.00109863
-0.00128174 -0.000610352 0.000915527
-0.00140381 -0.000671387 0.000793457
-0.00177002 -0.000732422 0.000671387
-0.00152588 -0.000793457 0.000488281
-0.00189209 -0.000549316 0.00000
-0.00225830 -0.000549316 -0.000366211
-0.00250244 0.00000 -0.000793457
-0.00299072 0.000427246 -0.000976562
-0.00311279 0.000549316 -0.000915527
-0.00305176 0.000671387 -0.00103760
-0.00299072 0.000488281 -0.00134277
-0.00323486 0.000244141 -0.00152588
-0.00329590 0.000183105 -0.00164795
-0.00335693 0.000244141 -0.00146484
-0.00347900 0.00000 -0.00170898
-0.00335693 0.000305176 -0.00170898
-0.00347900 -6.10352e-05 -0.00177002
-0.00341797 -0.000122070 -0.00164795
-0.00372314 0.000305176 -0.00140381
-0.00402832 6.10352e-05 -0.00134277
-0.00408936 -0.000244141 -0.000976562
-0.00402832 -0.000610352 -0.000976562
-0.00347900 -0.000854492 -0.000488281
-0.00347900 -0.00109863 -0.000427246
-0.00292969 -0.00122070 0.000122070
-0.00207520 -0.00177002 0.000244141
-0.00195312 -0.00195312 0.000610352
-0.00189209 -0.00115967 0.000671387
-0.00189209 -0.000610352 0.000732422
-0.00183105 -0.000183105 0.000915527
-0.00170898 0.00000 0.00140381
-0.00134277 -0.000488281 0.00152588
-0.000976562 -0.000305176 0.00158691
-0.000488281 -0.000549316 0.00183105
-0.000488281 -0.000732422 0.00195312
-0.000183105 -0.000976562 0.00201416
0.00000 -0.000976562 0.00219727
0.000305176 -0.000976562 0.00219727
0.000366211 -0.000976562 0.00219727
0.000793457 -0.000976562 0.00231934
0.00109863 -0.000854492 0.00244141
0.00109863 -0.00103760 0.00256348
0.00115967 -0.000854492 0.00231934
0.00109863 -0.000915527 0.00225830
0.000854492 -0.000671387 0.00238037
0.000305176 -0.00109863 0.00256348
0.000427246 -0.00152588 0.00225830
0.000427246 -0.00152588 0.00225830
0.000427246 -0.00152588 0.00225830
-0.000976562 -0.00164795 0.00183105
-0.00103760 -0.00170898 0.00158691
-0.00170898 -0.00170898 0.00140381
-0.00170898 -0.00170898 0.00140381
-0.00311279 -0.00158691 0.00109863
-0.00311279 -0.00158691 0.00109863
-0.00311279 -0.00158691 0.00109863
-0.00421143 -0.00238037 0.00152588
-0.00390625 -0.00250244 0.00158691
-0.00366211 -0.00286865 0.00164795
-0.00354004 -0.00292969 0.00146484
-0.00354004 -0.00292969 0.00146484
-0.00280762 -0.00183105 0.00128174
-0.00268555 -0.00134277 0.00164795
-0.00256348 -0.00128174 0.00128174
-0.00250244 -0.00103760 0.00134277
-0.00164795 -0.00122070 0.00158691
-0.00103760 -0.00152588 0.00183105
-0.000976562 -0.00164795 0.00170898
-0.000732422 -0.00128174 0.00158691
-0.000976562 -0.00103760 0.00152588
-0.000732422 -0.000549316 0.00122070
-0.000549316 -0.00122070 0.00164795
-0.000854492 -0.00128174 0.00164795
-0.000915527 -0.00109863 0.00170898
-0.00128174 -0.000915527 0.00146484
-0.00177002 -0.000488281 0.00115967
-0.00213623 -0.00115967 0.00134277
-0.00256348 -0.00146484 0.00146484
-0.00231934 -0.00152588 0.00170898
-0.00250244 -0.00238037 0.00183105
-0.00305176 -0.00189209 0.00189209
-0.00317383 -0.00250244 0.00238037
-0.00280762 -0.00280762 0.00231934
-0.00329590 -0.00286865 0.00250244
-0.00305176 -0.00323486 0.00268555
-0.00372314 -0.00360107 0.00329590
-0.00390625 -0.00274658 0.00347900
-0.00396729 -0.00256348 0.00366211
-0.00299072 -0.00335693 0.00396729
-0.00262451 -0.00335693 0.00402832
-0.00201416 -0.00335693 0.00427246
-0.00122070 -0.00335693 0.00476074
-0.000488281 -0.00378418 0.00482178
0.000244141 -0.00366211 0.00482178
0.000427246 -0.00341797 0.00500488
0.000915527 -0.00305176 0.00524902
0.000366211 -0.00262451 0.00494385
0.000366211 -0.00189209 0.00476074
0.000549316 -0.00134277 0.00494385
0.000610352 -0.000915527 0.00439453
0.000488281 -0.000549316 0.00402832
0.000366211 -0.000793457 0.00384521
6.10352e-05 -0.000793457 0.00341797
0.000427246 -0.000854492 0.00292969
0.000671387 -0.000854492 0.00256348
-0.000366211 -0.000793457 0.00195312
-0.00122070 -0.000244141 0.00152588
-0.00195312 0.000183105 0.00122070
-0.00195312 0.000183105 0.00122070
-0.00231934 -0.000610352 0.000671387
-0.00268555 -0.000793457 0.000793457
-0.00238037 -0.000549316 0.000366211
-0.00250244 -0.000183105 0.000183105
-0.00268555 0.000305176 -0.000305176
-0.00262451 0.000366211 -0.000427246
-0.00280762 0.000549316 -0.000305176
-0.00250244 0.000366211 -0.000610352
-0.00244141 6.10352e-05 0.00000
-0.00177002 -0.000305176 0.000122070
-0.00177002 -0.000305176 0.000122070
-0.000915527 -0.00103760 0.000549316
-0.000610352 -0.000976562 0.000732422
-0.000488281 -0.000915527 0.00103760
-6.10352e-05 -0.000732422 0.00122070
6.10352e-05 -0.000610352 0.00158691
0.000183105 -0.000427246 0.00146484
0.000244141 -0.000488281 0.00164795
-6.10352e-05 -0.000305176 0.00158691
6.10352e-05 -0.000549316 0.00164795
6.10352e-05 -0.000549316 0.00164795
0.000183105 -0.000793457 0.00128174
-0.000427246 -0.000549316 0.000915527
-0.000549316 -0.000793457 0.000793457
-0.000305176 -0.00128174 0.000549316
-0.000427246 -0.00103760 0.000427246
-0.000915527 -0.00115967 0.000671387
-0.00134277 -0.000793457 0.00000
-0.00183105 -0.000366211 -0.000366211
-0.00231934 0.00000 -0.000305176
-0.00244141 0.000427246 -0.000427246
-0.00286865 0.000366211 -0.000183105
-0.00311279 0.000366211 -0.000366211
-0.00280762 -0.000305176 6.10352e-05
-0.00262451 -0.000610352 0.000549316
-0.00213623 -0.00115967 0.000915527
-0.00268555 -0.000976562 0.00146484
-0.00274658 -0.000305176 0.00177002
-0.00274658 0.00000 0.00207520
-0.00286865 0.000549316 0.00238037
-0.00244141 0.000915527 0.00225830
-0.00225830 0.000793457 0.00189209
-0.00195312 0.000854492 0.00134277
-0.00164795 0.000732422 0.00103760
-0.00122070 0.00103760 0.000122070
-0.00158691 0.000671387 -0.000183105
-0.00152588 0.000915527 -0.000427246
-0.00109863 0.000976562 -0.000976562
-0.00128174 0.000854492 -0.00109863
-0.00256348 0.000854492 -0.00140381
-0.00292969 0.00134277 -0.00122070
-0.00274658 0.00140381 -0.00140381
-0.00244141 0.00115967 -0.00109863
-0.00189209 0.000854492 -0.00109863
-0.00201416 0.000915527 -0.000793457
-0.00195312 0.000488281 -0.000732422
-0.00207520 0.000549316 -0.000122070
-0.00213623 6.10352e-05 0.000549316
-0.00201416 -0.000366211 0.000732422
-0.00146484 -0.000671387 0.00134277
-0.00152588 -0.000915527 0.00103760
-0.00134277 -0.000732422 0.000915527
-0.00170898 -0.000732422 0.000854492
-0.00195312 -0.000793457 0.000732422
-0.00170898 -0.00128174 0.000793457
-0.00231934 -0.00140381 0.000915527
-0.00225830 -0.00177002 0.000854492
-0.00256348 -0.00170898 0.000549316
-0.00238037 -0.00128174 0.000549316
-0.00274658 -0.00128174 0.000244141
-0.00195312 -0.00128174 0.000122070
-0.00128174 -0.00146484 -6.10352e-05
-0.00115967 -0.00195312 6.10352e-05
-0.00140381 -0.00195312 -0.000366211
-0.00183105 -0.00177002 -0.000366211
-0.00225830 -0.00140381 -0.000305176
-0.00280762 -0.00146484 -0.000244141
-0.00238037 -0.00164795 -6.10352e-05
-0.00244141 -0.00164795 6.10352e-05
-0.00177002 -0.00158691 -0.000183105
-0.00146484 -0.00170898 -0.000305176
-0.00134277 -0.00201416 -0.000427246
-0.00103760 -0.00207520 -6.10352e-05
-0.000915527 -0.00207520 0.000183105
-0.00103760 -0.00183105 0.000244141
-0.00152588 -0.00183105 0.000793457
-0.00140381 -0.00164795 0.00134277
-0.00189209 -0.00225830 0.00140381
-0.00140381 -0.00238037 0.00170898
-0.00140381 -0.00231934 0.00170898
-0.00122070 -0.00238037 0.00189209
-0.000854492 -0.00189209 0.00170898
-0.000854492 -0.00183105 0.00207520
-0.000854492 -0.00158691 0.00231934
-0.00103760 -0.00183105 0.00201416
-0.00109863 -0.00158691 0.00195312
-0.000915527 -0.00195312 0.00183105
-0.00109863 -0.00177002 0.00164795
-0.00122070 -0.00158691 0.000793457
-0.00170898 -0.00158691 0.000305176
-0.00183105 -0.00164795 -6.10352e-05
-0.00219727 -0.00164795 -0.000366211
-0.00238037 -0.00189209 -0.000793457
-0.00262451 -0.00250244 -0.00103760
-0.00256348 -0.00262451 -0.00115967
-0.00268555 -0.00317383 -0.00109863
-0.00280762 -0.00299072 -0.000854492
-0.00335693 -0.00317383 -0.00103760
-0.00366211 -0.00335693 -0.00109863
-0.00360107 -0.00317383 -0.000915527
-0.00366211 -0.00311279 -0.000671387
-0.00354004 -0.00335693 -0.000366211
-0.00280762 -0.00323486 0.000366211
-0.00280762 -0.00317383 0.000244141
-0.00238037 -0.00311279 0.000854492
-0.00219727 -0.00268555 0.00122070
-0.00207520 -0.00231934 0.00195312
-0.00146484 -0.00231934 0.00250244
-0.00128174 -0.00213623 0.00280762
-0.000854492 -0.00244141 0.00299072
-0.000366211 -0.00219727 0.00317383
-0.000183105 -0.00219727 0.00366211
-6.10352e-05 -0.00219727 0.00366211
0.000183105 -0.00201416 0.00378418
-6.10352e-05 -0.00177002 0.00335693
-0.000244141 -0.00152588 0.00347900
-0.000549316 -0.00134277 0.00305176
-0.00115967 -0.00109863 0.00280762
-0.00109863 -0.00103760 0.00280762
-0.00152588 -0.00122070 0.00231934
-0.00134277 -0.00122070 0.00201416
-0.00109863 -0.00128174 0.00152588
-0.00128174 -0.00134277 0.00146484
-0.00152588 -0.00146484 0.00146484
-0.00140381 -0.00128174 0.000915527
-0.00158691 -0.00115967 0.000854492
-0.00189209 -0.00103760 0.000549316
-0.00213623 -0.000915527 0.000427246
-0.00225830 -0.000610352 0.000610352
-0.00201416 -0.000732422 0.000488281
-0.00244141 -0.000854492 0.000549316
-0.00183105 -0.00115967 0.000671387
-0.00158691 -0.000915527 0.000732422
-0.00164795 -0.00122070 0.000976562
-0.00134277 -0.00115967 0.00103760
-0.00140381 -0.00140381 0.00122070
-0.00164795 -0.00146484 0.00109863
-0.00152588 -0.00134277 0.00109863
-0.00164795 -0.000854492 0.00109863
-0.00158691 -0.00103760 0.00158691
-0.00177002 -0.00122070 0.00146484
-0.00128174 -0.00115967 0.00152588
-0.00146484 -0.00128174 0.00170898
-0.00152588 -0.00140381 0.00158691
-0.00158691 -0.00152588 0.00158691
-0.00158691 -0.00109863 0.00152588
-0.00134277 -0.000854492 0.00152588
-0.00152588 -0.000976562 0.00177002
-0.00177002 -0.000854492 0.00158691
-0.00177002 -0.000549316 0.00134277
-0.00183105 -0.000610352 0.00164795
-0.00183105 -0.000732422 0.00134277
-0.00152588 -0.000610352 0.00152588
-0.00158691 -0.000610352 0.00146484
-0.00128174 -0.000305176 0.00134277
-0.00140381 -0.000305176 0.00128174
-0.00152588 6.10352e-05 0.00122070
-0.00140381 0.00000 0.00122070
-0.00158691 -0.000183105 0.00134277
-0.00164795 -0.000244141 0.00140381
-0.00146484 -0.000183105 0.00140381
-0.00164795 -0.000305176 0.00152588
-0.00128174 -0.000366211 0.00140381
-0.00134277 -0.000671387 0.00140381
-0.00122070 -0.000427246 0.00195312
-0.00109863 -0.000427246 0.00195312
-0.00128174 -0.000610352 0.00189209
-0.000915527 -0.000793457 0.00195312
-0.00115967 -0.000244141 0.00183105
-0.00128174 0.000122070 0.00201416
-0.00158691 0.000244141 0.00195312
-0.00177002 0.000366211 0.00201416
-0.00177002 0.000549316 0.00207520
-0.00140381 0.000610352 0.00213623
-0.00146484 0.000427246 0.00231934
-0.00103760 0.000122070 0.00195312
-0.00134277 0.000366211 0.00177002
-0.00146484 0.000732422 0.00146484
-0.00177002 0.00103760 0.00115967
-0.00170898 0.000915527 0.00103760
-0.00140381 0.000976562 0.000549316
-0.00122070 0.000610352 0.000122070
-0.00122070 0.000488281 -0.000122070
-0.00115967 0.000427246 -0.000122070
-0.00146484 0.000122070 -0.000427246
-0.00152588 -6.10352e-05 -0.000732422
-0.00140381 -0.000427246 -0.000915527
-0.00158691 -6.10352e-05 -0.00103760
-0.00134277 -0.000244141 -0.00122070
-0.00115967 -6.10352e-05 -0.00109863
-0.00109863 -0.000488281 -0.000915527
-0.000976562 -0.000671387 -0.000671387
-0.000549316 -0.000671387 -0.000549316
-0.000366211 -0.000427246 -0.000244141
-0.000183105 -0.000488281 0.000244141
-0.000183105 -0.000488281 0.000549316
0.000427246 -0.000854492 0.00122070
0.000671387 -0.00115967 0.00158691
0.000549316 -0.00115967 0.00219727
0.000793457 -0.00152588 0.00256348
0.00122070 -0.00177002 0.00347900
0.00152588 -0.00183105 0.00384521
0.00177002 -0.00164795 0.00421143
0.00134277 -0.00152588 0.00488281
0.00128174 -0.00122070 0.00476074
0.000183105 -0.000915527 0.00482178
-6.10352e-05 -0.000305176 0.00512695
0.00000 -0.000976562 0.00506592
-6.10352e-05 -0.00146484 0.00494385
-0.000183105 -0.00164795 0.00537109
0.000122070 -0.00207520 0.00506592
0.000305176 -0.00207520 0.00476074
0.000427246 -0.00201416 0.00427246
0.000427246 -0.00158691 0.00396729
0.000488281 -0.00115967 0.00378418
0.000488281 -0.00115967 0.00378418
0.000732422 -0.00109863 0.00311279
0.00103760 -0.000976562 0.00280762
0.00115967 -0.00115967 0.00238037
0.00103760 -0.00115967 0.00225830
0.000976562 -0.00115967 0.00183105
0.000915527 -0.00164795 0.00152588
0.000366211 -0.00164795 0.00103760
-0.000610352 -0.00115967 0.000488281
-0.00146484 -0.00158691 0.000427246
-0.00177002 -0.00158691 0.000305176
-0.00231934 -0.00164795 0.000366211
-0.00256348 -0.00207520 0.000549316
-0.00299072 -0.00262451 0.00115967
-0.00341797 -0.00280762 0.00122070
-0.00372314 -0.00317383 0.00164795
-0.00372314 -0.00317383 0.00164795
-0.00390625 -0.00335693 0.00170898
-0.00378418 -0.00457764 0.00238037
-0.00360107 -0.00463867 0.00305176
-0.00402832 -0.00500488 0.00311279
-0.00402832 -0.00500488 0.00311279
-0.00402832 -0.00500488 0.00311279
-0.00402832 -0.00500488 0.00311279
-0.00402832 -0.00500488 0.00311279
-0.00402832 -0.00500488 0.00311279
-0.00366211 -0.00366211 0.00384521
-0.00262451 -0.00476074 0.00408936
-0.00189209 -0.00488281 0.00415039
-0.00195312 -0.00488281 0.00372314
-0.00195312 -0.00427246 0.00329590
-0.00195312 -0.00427246 0.00329590
-0.00299072 -0.00299072 0.00250244
-0.00347900 -0.00207520 0.00207520
-0.00347900 -0.00183105 0.00170898
-0.00390625 -0.00189209 0.00122070
-0.00408936 -0.00164795 0.000549316
-0.00408936 -0.00164795 0.000122070
-0.00366211 -0.00152588 -0.000244141
-0.00433350 -0.00146484 -0.000488281
-0.00500488 -0.00134277 -0.00109863
-0.00476074 -0.000671387 -0.00140381
-0.00463867 -0.000549316 -0.00170898
-0.00445557 -0.000793457 -0.00189209
-0.00445557 -0.000427246 -0.00213623
-0.00421143 0.000122070 -0.00189209
-0.00390625 -6.10352e-05 -0.00189209
-0.00390625 0.000183105 -0.00134277
-0.00329590 -0.000122070 -0.00122070
-0.00268555 -0.000122070 -0.000305176
-0.00207520 -0.000244141 0.000305176
-0.00109863 -0.000549316 0.000976562
-0.000671387 -0.000671387 0.00122070
0.000244141 -0.000976562 0.00195312
0.000671387 -0.000610352 0.00201416
0.00128174 -0.000305176 0.00201416
0.00115967 -6.10352e-05 0.00238037
0.00134277 0.000122070 0.00250244
0.00140381 0.000244141 0.00225830
0.00140381 -6.10352e-05 0.00262451
0.00152588 -6.10352e-05 0.00250244
0.00152588 -6.10352e-05 0.00250244
0.000793457 0.000305176 0.00146484
-0.000183105 0.000610352 0.000976562
-0.000671387 0.000549316 0.000488281
-0.000793457 0.000305176 0.00000
-0.00109863 0.000244141 -0.000244141
-0.00122070 -0.000183105 -0.000244141
-0.00152588 -0.000366211 -0.000488281
-0.00201416 -0.000183105 -0.000122070
-0.00201416 -0.000122070 -0.000122070
-0.00183105 -0.000549316 0.000183105
-0.00134277 -0.000793457 0.000244141
-0.000976562 -0.000427246 0.000793457
-0.000610352 -0.000244141 0.000976562
-0.000671387 -0.000122070 0.00140381
-0.000488281 -0.000427246 0.00201416
0.000305176 -0.000488281 0.00250244
0.000305176 -0.00128174 0.00268555
0.00122070 -0.00128174 0.00268555
0.000732422 -0.00134277 0.00274658
0.000244141 -0.000610352 0.00286865
6.10352e-05 -0.000183105 0.00262451
-0.000183105 -0.000244141 0.00213623
0.00000 0.00000 0.00219727
0.000244141 -0.000427246 0.00207520
0.000427246 -0.000671387 0.00170898
0.000671387 -0.000793457 0.00134277
0.000549316 -0.00128174 0.00109863
6.10352e-05 -0.00134277 0.000915527
-0.000732422 -0.00134277 0.000488281
-0.00177002 -0.00140381 -6.10352e-05
-0.00311279 -0.000732422 -0.000122070
-0.00384521 -0.000671387 -0.000549316
-0.00408936 -0.00128174 -0.000976562
-0.00372314 -0.00170898 -0.00140381
-0.00396729 -0.00158691 -0.00170898
-0.00451660 -0.000915527 -0.00170898
-0.00524902 -6.10352e-05 -0.00189209
-0.00500488 -0.000244141 -0.00201416
-0.00439453 -0.000366211 -0.00170898
-0.00360107 -0.00109863 -0.00109863
-0.00360107 -0.00109863 -0.00109863
-0.00201416 -0.00189209 -6.10352e-05
-0.00177002 -0.00134277 0.000793457
-0.00164795 -0.00134277 0.00128174
-0.00158691 -0.000305176 0.00177002
-0.00128174 -0.000488281 0.00201416
-0.000610352 -0.000610352 0.00250244
-0.000183105 -0.000610352 0.00238037
-0.000610352 -0.000427246 0.00274658
-0.000610352 -6.10352e-05 0.00280762
-0.000244141 -0.000793457 0.00262451
-6.10352e-05 -0.000915527 0.00292969
-0.000122070 -0.000976562 0.00244141
-0.000305176 -0.000671387 0.00244141
-0.000488281 -0.000671387 0.00225830
-0.000854492 -0.000366211 0.00189209
-0.00134277 -0.000366211 0.00189209
-0.00122070 -0.000183105 0.00164795
-0.000793457 -0.000915527 0.00170898
-0.00122070 -0.000854492 0.00152588
-0.00115967 -0.00134277 0.00170898
-0.000854492 -0.00146484 0.00164795
-0.000854492 -0.00128174 0.00152588
-0.000488281 -0.00122070 0.00146484
-0.000427246 -0.00103760 0.00122070
-0.000732422 -0.00152588 0.00128174
-0.00146484 -0.00115967 0.00128174
-0.00158691 -0.000549316 0.00109863
-0.00189209 -0.000793457 0.00140381
-0.00164795 -0.000976562 0.00146484
-0.00189209 -0.000793457 0.00140381
-0.00170898 -0.000793457 0.00128174
-0.00177002 -0.00115967 0.00146484
-0.00177002 -0.00115967 0.00146484
-0.00238037 -0.000732422 0.00103760
-0.00219727 -0.000915527 0.00128174
-0.00177002 -0.00128174 0.00128174
-0.00152588 -0.00128174 0.00122070
-0.00201416 -0.00103760 0.000976562
-0.00207520 -0.00109863 0.000915527
-0.00170898 -0.00109863 0.000793457
-0.00128174 -0.000915527 0.000793457
-0.00103760 -0.00115967 0.000671387
-0.000976562 -0.000366211 0.000549316
-0.00128174 0.00000 0.000244141
-0.00103760 0.000183105 0.000366211
-0.000915527 0.000122070 0.000244141
-0.000671387 0.000244141 0.000122070
-0.000610352 6.10352e-05 0.000122070
-0.000427246 0.000610352 0.000183105
-0.000244141 0.000610352 0.000366211
-0.000427246 0.000610352 0.000244141
-0.000732422 0.000244141 0.000427246
-0.000671387 0.000305176 0.000671387
-0.000854492 -6.10352e-05 0.000915527
-0.000793457 -0.000610352 0.00115967
-0.000549316 -0.000549316 0.00164795
-0.000915527 -0.00128174 0.00238037
-0.000427246 -0.00177002 0.00268555
-0.000610352 -0.00195312 0.00292969
-0.000366211 -0.00183105 0.00329590
-0.000427246 -0.00225830 0.00366211
-0.000732422 -0.00219727 0.00384521
-0.00109863 -0.00201416 0.00421143
-0.00177002 -0.00183105 0.00390625
-0.00207520 -0.00225830 0.00347900
-0.00238037 -0.00244141 0.00335693
-0.00256348 -0.00238037 0.00299072
-0.00268555 -0.00286865 0.00292969
-0.00280762 -0.00335693 0.00250244
-0.00238037 -0.00341797 0.00201416
-0.00274658 -0.00347900 0.00140381
-0.00262451 -0.00347900 0.00103760
-0.00274658 -0.00335693 0.000732422
-0.00335693 -0.00317383 0.000427246
-0.00335693 -0.00274658 0.00000
-0.00323486 -0.00280762 -0.000183105
-0.00286865 -0.00256348 -0.000549316
-0.00317383 -0.00207520 -0.000671387
-0.00274658 -0.00158691 -0.000793457
-0.00280762 -0.000915527 -0.000976562
-0.00225830 -0.000549316 -0.000793457
-0.00225830 -0.000549316 -0.000793457
-0.000854492 -0.000976562 -0.000549316
-0.000244141 -0.000610352 -0.000610352
-6.10352e-05 -6.10352e-05 -0.000183105
-0.000366211 0.000183105 -0.000183105
-0.000244141 0.000122070 -0.000122070
-0.000488281 0.000305176 0.000366211
-0.000366211 0.000305176 0.000549316
-0.000610352 0.00000 0.000915527
-0.000427246 -0.000427246 0.00103760
-0.000671387 -0.000671387 0.00134277
-0.000671387 -0.000671387 0.00134277
-0.000793457 -0.00152588 0.00183105
-0.000793457 -0.00158691 0.00189209
-0.00128174 -0.00195312 0.00195312
-0.00158691 -0.00177002 0.00256348
-0.00213623 -0.00213623 0.00244141
-0.00201416 -0.00183105 0.00250244
-0.00213623 -0.00207520 0.00238037
-0.00213623 -0.00219727 0.00256348
-0.00201416 -0.00238037 0.00256348
-0.00195312 -0.00201416 0.00213623
-0.00177002 -0.00195312 0.00195312
-0.00189209 -0.00183105 0.00201416
-0.00170898 -0.00164795 0.00170898
-0.00146484 -0.00164795 0.00146484
-0.00152588 -0.00152588 0.00134277
-0.00152588 -0.00152588 0.00115967
-0.00152588 -0.00146484 0.00103760
-0.00152588 -0.00115967 0.00103760
-0.00146484 -0.000793457 0.000793457
-0.00170898 -0.000915527 0.000854492
-0.00189209 -0.000671387 0.000854492
-0.00189209 -0.00122070 0.000976562
-0.00164795 -0.00128174 0.000976562
-0.00183105 -0.00152588 0.00128174
-0.00177002 -0.00134277 0.00103760
-0.00189209 -0.00152588 0.000915527
-0.00195312 -0.00140381 0.00115967
-0.00219727 -0.00158691 0.000854492
-0.00201416 -0.00134277 0.00115967
-0.00201416 -0.00134277 0.00115967
-0.00201416 -0.00152588 0.00122070
