-0.00146484 -0.00317383 0.000183105
-0.00158691 -0.00347900 6.10352e-05
-0.00134277 -0.00341797 0.00000
-0.00140381 -0.00311279 -6.10352e-05
-0.00134277 -0.00347900 0.00000
-0.00170898 -0.00311279 0.000244141
-0.00152588 -0.00341797 0.000305176
-0.00183105 -0.00347900 0.000244141
-0.00140381 -0.00299072 0.000183105
-0.00183105 -0.00335693 0.000305176
-0.00195312 -0.00329590 0.000366211
-0.00122070 -0.00347900 0.000427246
-0.00152588 -0.00372314 0.000305176
-0.00177002 -0.00384521 0.000244141
-0.00158691 -0.00366211 0.000427246
-0.00152588 -0.00341797 0.000183105
-0.00140381 -0.00335693 0.000427246
-0.00158691 -0.00317383 0.000488281
-0.00146484 -0.00317383 0.000366211
-0.00158691 -0.00317383 0.000488281
-0.00164795 -0.00335693 0.000488281
-0.00177002 -0.00360107 0.000671387
-0.00201416 -0.00366211 0.000488281
-0.00177002 -0.00366211 0.000244141
-0.00152588 -0.00341797 0.000549316
-0.00170898 -0.00323486 0.000488281
-0.00177002 -0.00329590 0.000549316
-0.00158691 -0.00311279 0.000488281
-0.00146484 -0.00329590 0.000732422
-0.00158691 -0.00335693 0.000488281
-0.00140381 -0.00347900 0.000427246
-0.00152588 -0.00378418 0.000488281
-0.00134277 -0.00378418 0.000610352
-0.00158691 -0.00402832 0.000244141
-0.00128174 -0.00390625 0.000366211
-0.00164795 -0.00347900 0.000793457
-0.00128174 -0.00390625 0.000610352
-0.00152588 -0.00354004 0.000488281
-0.00164795 -0.00372314 0.000549316
-0.00134277 -0.00366211 0.000549316
-0.00140381 -0.00360107 0.000366211
-0.00152588 -0.00323486 0.000671387
-0.00140381 -0.00384521 0.000183105
-0.00109863 -0.00341797 0.000122070
-0.00134277 -0.00366211 0.000366211
-0.00158691 -0.00354004 0.000427246
-0.00152588 -0.00366211 0.000244141
-0.00140381 -0.00354004 0.000366211
-0.00128174 -0.00402832 0.000488281
-0.00128174 -0.00384521 0.000610352
-0.00152588 -0.00384521 0.000427246
-0.00122070 -0.00372314 0.000488281
-0.00115967 -0.00396729 0.000549316
-0.00134277 -0.00415039 0.000488281
-0.00122070 -0.00372314 0.000732422
-0.00134277 -0.00402832 0.000427246
-0.00146484 -0.00341797 0.000366211
-0.00140381 -0.00347900 0.000549316
-0.00134277 -0.00354004 0.000427246
-0.00122070 -0.00341797 0.000244141
-0.00134277 -0.00360107 0.000427246
-0.00128174 -0.00390625 0.00000
-0.00122070 -0.00366211 0.000244141
-0.00140381 -0.00366211 6.10352e-05
-0.00128174 -0.00347900 0.000488281
-0.00152588 -0.00360107 0.000183105
-0.00122070 -0.00384521 0.000305176
-0.000976562 -0.00390625 0.000122070
-0.000915527 -0.00390625 0.000244141
-0.000915527 -0.00433350 0.000244141
-0.00103760 -0.00415039 -6.10352e-05
-0.000793457 -0.00402832 0.000122070
-0.000610352 -0.00402832 -0.000183105
-0.000671387 -0.00408936 -6.10352e-05
-0.000549316 -0.00427246 -0.000183105
-0.000366211 -0.00396729 -0.000244141
-0.000488281 -0.00396729 -0.000305176
-0.000610352 -0.00427246 -0.000305176
-0.000915527 -0.00372314 -0.000366211
-0.000915527 -0.00378418 -0.000183105
-0.000732422 -0.00372314 -0.000488281
-0.000976562 -0.00415039 -0.000183105
-0.00122070 -0.00360107 -0.000183105
-0.00103760 -0.00366211 -6.10352e-05
-0.00103760 -0.00402832 0.00000
-0.00146484 -0.00421143 -6.10352e-05
-0.00128174 -0.00433350 0.00000
-0.00122070 -0.00439453 0.00000
-0.00115967 -0.00476074 6.10352e-05
-0.00122070 -0.00433350 0.00000
-0.000976562 -0.00378418 0.000305176
-0.000915527 -0.00396729 6.10352e-05
-0.00103760 -0.00427246 6.10352e-05
-0.000854492 -0.00415039 0.000427246
-0.000976562 -0.00433350 0.000183105
-0.00103760 -0.00427246 6.10352e-05
-0.000976562 -0.00396729 0.00000
-0.000976562 -0.00384521 6.10352e-05
-0.00122070 -0.00378418 0.00000
-0.000976562 -0.00408936 0.000122070
-0.000915527 -0.00415039 -6.10352e-05
-0.000915527 -0.00445557 0.00000
-0.00103760 -0.00451660 -0.000122070
-0.00122070 -0.00463867 6.10352e-05
-0.000793457 -0.00463867 6.10352e-05
-0.000915527 -0.00439453 0.000183105
-0.00128174 -0.00415039 0.000122070
-0.000793457 -0.00457764 0.000305176
-0.00122070 -0.00439453 0.000122070
-0.000976562 -0.00427246 0.000366211
-0.00109863 -0.00408936 0.000427246
-0.00109863 -0.00372314 0.000366211
-0.000976562 -0.00402832 0.000488281
-0.000854492 -0.00421143 0.000671387
-0.00128174 -0.00402832 0.000854492
-0.000854492 -0.00402832 0.000610352
-0.000854492 -0.00402832 0.000610352
-0.000854492 -0.00402832 0.000610352
-0.000976562 -0.00433350 0.000610352
-0.00103760 -0.00427246 0.000610352
-0.00134277 -0.00372314 0.000366211
-0.00103760 -0.00384521 0.000488281
-0.00134277 -0.00402832 0.000244141
-0.00115967 -0.00354004 0.000427246
-0.00128174 -0.00341797 0.000366211
-0.00146484 -0.00341797 0.000183105
-0.00122070 -0.00335693 6.10352e-05
-0.00170898 -0.00323486 0.000183105
-0.00152588 -0.00311279 -0.000244141
-0.00164795 -0.00305176 -0.000244141
-0.00146484 -0.00286865 -0.000366211
-0.00158691 -0.00256348 -0.000549316
-0.00183105 -0.00286865 -0.000366211
-0.00195312 -0.00286865 -0.000427246
-0.00195312 -0.00317383 -0.000183105
-0.00177002 -0.00292969 -0.000122070
-0.00225830 -0.00317383 -0.000122070
-0.00213623 -0.00323486 -0.000183105
-0.00213623 -0.00311279 -0.000244141
-0.00201416 -0.00299072 0.00000
-0.00189209 -0.00299072 -0.000244141
-0.00213623 -0.00286865 -0.000183105
-0.00195312 -0.00299072 -0.000305176
-0.00225830 -0.00305176 6.10352e-05
-0.00201416 -0.00305176 -0.000183105
-0.00189209 -0.00317383 -0.000305176
-0.00207520 -0.00292969 -0.000305176
-0.00189209 -0.00335693 -0.000427246
-0.00189209 -0.00335693 -0.000427246
-0.00140381 -0.00347900 -0.000427246
-0.00128174 -0.00335693 -0.000549316
-0.00146484 -0.00347900 -0.000244141
-0.00146484 -0.00354004 -0.000427246
-0.00158691 -0.00317383 -0.000366211
-0.00152588 -0.00317383 -0.000549316
-0.00109863 -0.00329590 -0.000488281
-0.00152588 -0.00323486 -0.000427246
-0.00134277 -0.00323486 -0.000122070
-0.00122070 -0.00354004 -6.10352e-05
-0.00122070 -0.00408936 0.00000
-0.000976562 -0.00445557 0.00000
-0.000793457 -0.00451660 0.00000
-0.000793457 -0.00451660 6.10352e-05
-0.000427246 -0.00482178 0.000183105
-0.000366211 -0.00500488 0.000549316
-6.10352e-05 -0.00494385 0.000366211
0.000244141 -0.00469971 0.000244141
6.10352e-05 -0.00494385 0.000488281
-0.000183105 -0.00500488 0.000488281
-0.000183105 -0.00543213 0.000488281
-0.000122070 -0.00561523 0.000244141
-6.10352e-05 -0.00579834 0.000610352
-0.000183105 -0.00598145 0.000549316
-0.000366211 -0.00561523 0.000854492
-0.000549316 -0.00549316 0.000854492
-0.000549316 -0.00537109 0.000854492
-0.000671387 -0.00512695 0.000732422
-0.000793457 -0.00469971 0.000915527
-0.000976562 -0.00439453 0.000732422
-0.00122070 -0.00445557 0.000671387
-0.00128174 -0.00384521 0.000488281
-0.00170898 -0.00384521 0.000427246
-0.00183105 -0.00329590 0.000427246
-0.00170898 -0.00335693 0.000244141
-0.00195312 -0.00292969 -0.000122070
-0.00207520 -0.00262451 6.10352e-05
-0.00195312 -0.00292969 -0.000366211
-0.00177002 -0.00311279 -0.000244141
-0.00189209 -0.00335693 0.000183105
-0.00189209 -0.00335693 0.000183105
-0.00177002 -0.00347900 0.000244141
-0.00183105 -0.00335693 0.000427246
-0.00152588 -0.00354004 0.000671387
-0.00201416 -0.00341797 0.000488281
-0.00158691 -0.00354004 0.000305176
-0.00189209 -0.00360107 0.000854492
-0.00183105 -0.00347900 0.000793457
-0.00158691 -0.00360107 0.000793457
-0.00152588 -0.00378418 0.000610352
-0.00146484 -0.00372314 0.000732422
-0.00146484 -0.00396729 0.000427246
-0.00158691 -0.00378418 0.000671387
-0.00146484 -0.00372314 0.000976562
-0.00109863 -0.00354004 0.000915527
-0.00103760 -0.00396729 0.000732422
-0.000976562 -0.00390625 0.000610352
-0.000793457 -0.00408936 0.000732422
-0.000732422 -0.00402832 0.000915527
-0.000854492 -0.00402832 0.000793457
-0.000549316 -0.00421143 0.000854492
-0.000671387 -0.00408936 0.000915527
-0.000488281 -0.00396729 0.000976562
-0.000671387 -0.00415039 0.000915527
-0.000854492 -0.00402832 0.000976562
-0.000793457 -0.00390625 0.00103760
-0.000610352 -0.00372314 0.000732422
-0.00115967 -0.00378418 0.000671387
-0.00115967 -0.00372314 0.000793457
-0.00134277 -0.00366211 0.000671387
-0.00146484 -0.00323486 0.000610352
-0.00183105 -0.00299072 0.000366211
-0.00219727 -0.00244141 6.10352e-05
-0.00207520 -0.00219727 -6.10352e-05
-0.00231934 -0.00183105 -0.000183105
-0.00262451 -0.00170898 -0.000793457
-0.00244141 -0.00177002 -0.000549316
-0.00238037 -0.00183105 -0.000976562
-0.00231934 -0.00170898 -0.000976562
-0.00238037 -0.00177002 -0.00122070
-0.00231934 -0.00201416 -0.00109863
-0.00207520 -0.00207520 -0.00103760
-0.00256348 -0.00213623 -0.00103760
-0.00213623 -0.00231934 -0.000915527
-0.00195312 -0.00244141 -0.000732422
-0.00207520 -0.00262451 -0.000549316
-0.00183105 -0.00280762 -0.000549316
-0.00177002 -0.00317383 -0.000549316
-0.00146484 -0.00311279 -0.000427246
-0.00152588 -0.00317383 -0.000244141
-0.00134277 -0.00329590 -0.000244141
-0.00134277 -0.00329590 -0.000244141
-0.00103760 -0.00341797 0.00000
-0.00122070 -0.00372314 -6.10352e-05
-0.000793457 -0.00360107 0.000183105
-0.000610352 -0.00360107 6.10352e-05
-0.000915527 -0.00372314 0.000244141
-0.00109863 -0.00366211 -6.10352e-05
-0.000427246 -0.00366211 0.000366211
-0.000366211 -0.00378418 0.000183105
-0.00109863 -0.00360107 0.000427246
-0.00109863 -0.00360107 0.000427246
-0.00122070 -0.00390625 0.000610352
-0.000976562 -0.00415039 0.000610352
-0.00122070 -0.00408936 0.000671387
-0.00115967 -0.00378418 0.000549316
-0.00122070 -0.00390625 0.000549316
-0.00134277 -0.00372314 0.000671387
-0.00122070 -0.00372314 0.000671387
-0.00152588 -0.00396729 0.000488281
-0.00122070 -0.00372314 0.000610352
-0.00115967 -0.00396729 0.000610352
-0.00115967 -0.00372314 0.000671387
-0.000976562 -0.00415039 0.000488281
-0.00128174 -0.00347900 0.000610352
-0.00158691 -0.00354004 0.000366211
-0.00170898 -0.00323486 0.000366211
-0.00158691 -0.00366211 0.000183105
-0.00183105 -0.00311279 0.00000
-0.00189209 -0.00305176 -6.10352e-05
-0.00164795 -0.00299072 6.10352e-05
-0.00158691 -0.00305176 -6.10352e-05
-0.00195312 -0.00329590 -6.10352e-05
-0.00134277 -0.00335693 6.10352e-05
-0.00164795 -0.00317383 0.000183105
-0.00128174 -0.00354004 -0.000427246
-0.00140381 -0.00354004 -0.000366211
-0.00152588 -0.00323486 0.00000
-0.00146484 -0.00360107 6.10352e-05
-0.00140381 -0.00347900 -6.10352e-05
-0.00109863 -0.00323486 0.000244141
-0.00152588 -0.00335693 0.000366211
-0.00152588 -0.00335693 0.000366211
-0.00170898 -0.00347900 0.000488281
-0.00140381 -0.00323486 0.000427246
-0.00195312 -0.00335693 0.000488281
-0.00170898 -0.00317383 0.000488281
-0.00189209 -0.00299072 0.000366211
-0.00195312 -0.00280762 0.000305176
-0.00219727 -0.00292969 0.000244141
-0.00219727 -0.00262451 0.000366211
-0.00231934 -0.00305176 0.000183105
-0.00231934 -0.00305176 0.000183105
-0.00195312 -0.00329590 0.000305176
-0.00177002 -0.00323486 0.000427246
-0.00158691 -0.00335693 0.000183105
-0.00189209 -0.00347900 0.000244141
-0.00158691 -0.00341797 0.000183105
-0.00177002 -0.00329590 0.000427246
-0.00170898 -0.00317383 0.000366211
-0.00183105 -0.00311279 0.000183105
-0.00170898 -0.00305176 0.000122070
-0.00146484 -0.00329590 0.000244141
-0.00146484 -0.00329590 0.000244141
-0.00146484 -0.00347900 0.000305176
-0.00152588 -0.00347900 0.000244141
-0.00177002 -0.00378418 0.000366211
-0.00140381 -0.00366211 0.000488281
-0.00152588 -0.00354004 0.000610352
-0.00146484 -0.00335693 0.000427246
-0.00158691 -0.00366211 0.000610352
-0.00158691 -0.00341797 0.000671387
-0.00128174 -0.00360107 0.000732422
-0.00122070 -0.00341797 0.000488281
-0.00146484 -0.00335693 0.000732422
-0.00134277 -0.00360107 0.000488281
-0.00140381 -0.00360107 0.000671387
-0.00140381 -0.00354004 0.000488281
-0.00158691 -0.00378418 0.000793457
-0.00158691 -0.00378418 0.000793457
-0.00146484 -0.00378418 0.000671387
-0.00152588 -0.00366211 0.000549316
-0.00146484 -0.00378418 0.000427246
-0.00146484 -0.00378418 0.000427246
-0.00152588 -0.00305176 0.000305176
-0.00170898 -0.00299072 0.000427246
-0.00164795 -0.00317383 0.00000
-0.00183105 -0.00311279 -0.000183105
-0.00195312 -0.00305176 6.10352e-05
-0.00189209 -0.00305176 -0.000122070
-0.00164795 -0.00323486 -0.000305176
-0.00177002 -0.00317383 -0.000183105
-0.00183105 -0.00335693 0.00000
-0.00146484 -0.00299072 -0.000122070
-0.00189209 -0.00311279 -6.10352e-05
-0.00177002 -0.00299072 6.10352e-05
-0.00140381 -0.00299072 0.000183105
-0.00152588 -0.00317383 0.000122070
-0.00146484 -0.00347900 0.000244141
-0.00170898 -0.00360107 0.000305176
-0.00109863 -0.00396729 0.000488281
-0.00146484 -0.00354004 0.000488281
-0.00134277 -0.00372314 0.000488281
-0.00128174 -0.00366211 0.000488281
-0.00140381 -0.00378418 0.000427246
-0.00140381 -0.00341797 0.000427246
-0.00170898 -0.00347900 0.000427246
-0.00183105 -0.00323486 0.000427246
-0.00146484 -0.00323486 -6.10352e-05
-0.00152588 -0.00311279 0.00000
-0.00170898 -0.00335693 -0.000122070
-0.00170898 -0.00311279 -0.000122070
-0.00170898 -0.00311279 6.10352e-05
-0.00152588 -0.00329590 0.00000
-0.00134277 -0.00299072 6.10352e-05
-0.00140381 -0.00335693 6.10352e-05
-0.00140381 -0.00323486 -6.10352e-05
-0.00134277 -0.00335693 0.000122070
-0.00134277 -0.00341797 0.000183105
-0.00164795 -0.00317383 0.000305176
-0.00140381 -0.00341797 0.000366211
-0.00164795 -0.00335693 0.000183105
-0.00134277 -0.00372314 0.000305176
-0.00164795 -0.00378418 0.000488281
-0.00164795 -0.00378418 0.000488281
-0.00177002 -0.00335693 0.000427246
-0.00122070 -0.00341797 0.000244141
-0.00158691 -0.00341797 0.000305176
-0.00164795 -0.00354004 0.000122070
-0.00158691 -0.00311279 0.000244141
-0.00140381 -0.00341797 0.000183105
-0.00115967 -0.00317383 0.000122070
-0.00146484 -0.00335693 0.000366211
-0.00164795 -0.00341797 0.000183105
-0.00164795 -0.00341797 0.000183105
-0.00146484 -0.00323486 0.000488281
-0.00146484 -0.00329590 0.000183105
-0.00152588 -0.00341797 0.000244141
-0.00134277 -0.00372314 0.000183105
-0.00146484 -0.00372314 0.000427246
-0.00170898 -0.00354004 0.000427246
-0.00122070 -0.00366211 0.000244141
-0.00164795 -0.00384521 0.000366211
-0.00164795 -0.00384521 0.000366211
-0.00152588 -0.00323486 0.000366211
-0.00146484 -0.00360107 0.000244141
-0.00146484 -0.00329590 0.000488281
-0.00128174 -0.00354004 0.000305176
-0.00128174 -0.00354004 0.000305176
-0.00109863 -0.00366211 0.000427246
-0.000976562 -0.00372314 0.000732422
-0.000976562 -0.00372314 0.000732422
-0.000976562 -0.00372314 0.000732422
-0.000976562 -0.00372314 0.000732422
-0.000915527 -0.00469971 0.000549316
-0.000610352 -0.00457764 0.000793457
-0.000976562 -0.00439453 0.00115967
-0.000732422 -0.00457764 0.000854492
-0.000732422 -0.00463867 0.000976562
-0.000854492 -0.00421143 0.00109863
-0.000854492 -0.00408936 0.00103760
-0.000732422 -0.00396729 0.000976562
-0.00103760 -0.00396729 0.000915527
-0.00128174 -0.00378418 0.000854492
-0.00128174 -0.00347900 0.000610352
-0.00170898 -0.00323486 0.000671387
-0.00164795 -0.00347900 0.000366211
-0.00207520 -0.00274658 0.000122070
-0.00231934 -0.00256348 0.000183105
-0.00268555 -0.00244141 -0.000122070
-0.00268555 -0.00244141 -0.000122070
-0.00231934 -0.00195312 -0.000427246
-0.00262451 -0.00201416 -0.000549316
-0.00262451 -0.00201416 -0.000549316
-0.00250244 -0.00225830 -0.000793457
-0.00262451 -0.00201416 -0.000427246
-0.00274658 -0.00231934 -0.000244141
-0.00250244 -0.00268555 -0.000305176
-0.00256348 -0.00292969 -0.000244141
-0.00268555 -0.00329590 0.00000
-0.00250244 -0.00347900 0.000183105
-0.00268555 -0.00372314 0.000366211
-0.00231934 -0.00390625 0.000549316
-0.00231934 -0.00415039 0.000854492
-0.00195312 -0.00402832 0.00109863
-0.00183105 -0.00408936 0.00128174
-0.00152588 -0.00427246 0.00140381
-0.00152588 -0.00384521 0.00146484
-0.00177002 -0.00360107 0.00140381
-0.00170898 -0.00317383 0.00164795
-0.00189209 -0.00286865 0.00152588
-0.00219727 -0.00256348 0.00109863
-0.00225830 -0.00323486 0.000915527
-0.00231934 -0.00305176 0.00109863
-0.00244141 -0.00256348 0.000671387
-0.00238037 -0.00262451 0.000427246
-0.00231934 -0.00286865 0.00000
-0.00219727 -0.00244141 -0.000244141
-0.00195312 -0.00250244 -0.000610352
-0.00225830 -0.00280762 -0.000793457
-0.00225830 -0.00268555 -0.000793457
-0.00238037 -0.00256348 -0.00103760
-0.00238037 -0.00256348 -0.00103760
-0.00201416 -0.00256348 -0.000610352
-0.00195312 -0.00280762 -0.00109863
-0.00170898 -0.00335693 -0.000732422
-0.00170898 -0.00335693 -0.000732422
-0.00170898 -0.00335693 -0.000732422
-0.00134277 -0.00347900 -0.000305176
-0.00128174 -0.00366211 -0.000488281
-0.00164795 -0.00372314 -0.000305176
-0.00164795 -0.00341797 -0.000244141
-0.00109863 -0.00378418 -0.000244141
-0.00134277 -0.00360107 -0.000183105
-0.00140381 -0.00360107 0.000122070
-0.00109863 -0.00366211 0.000244141
-0.00115967 -0.00354004 0.000122070
-0.00115967 -0.00384521 -0.000183105
-0.00164795 -0.00390625 0.000183105
-0.00134277 -0.00396729 -0.000244141
-0.00140381 -0.00366211 0.000122070
-0.00134277 -0.00384521 6.10352e-05
-0.00140381 -0.00372314 -0.000122070
-0.00115967 -0.00360107 -0.000122070
-0.00128174 -0.00366211 -0.000183105
-0.00122070 -0.00372314 -0.000122070
-0.00128174 -0.00415039 -0.000366211
-0.00140381 -0.00408936 -0.000183105
-0.00122070 -0.00366211 -0.000183105
-0.00140381 -0.00415039 -6.10352e-05
-0.00109863 -0.00366211 -0.000244141
-0.00109863 -0.00408936 -6.10352e-05
-0.000854492 -0.00390625 0.00000
-0.00103760 -0.00390625 -0.000244141
-0.00122070 -0.00396729 0.00000
-0.00109863 -0.00408936 0.00000
-0.00115967 -0.00396729 0.000183105
-0.00146484 -0.00347900 0.000244141
-0.00183105 -0.00354004 0.000122070
-0.00158691 -0.00329590 0.000244141
-0.00183105 -0.00280762 0.000305176
-0.00189209 -0.00268555 0.000366211
-0.00189209 -0.00268555 0.000366211
-0.00213623 -0.00244141 0.000244141
-0.00268555 -0.00189209 0.000183105
-0.00274658 -0.00207520 0.00000
-0.00305176 -0.00152588 -0.000427246
-0.00305176 -0.00152588 -0.000427246
-0.00378418 -0.00109863 -0.000915527
-0.00354004 -0.00103760 -0.000976562
-0.00390625 -0.00134277 -0.00146484
-0.00396729 -0.00128174 -0.00207520
-0.00378418 -0.000854492 -0.00268555
-0.00384521 -0.000305176 -0.00335693
-0.00360107 0.000976562 -0.00372314
-0.00396729 0.00170898 -0.00408936
-0.00427246 0.00256348 -0.00469971
-0.00427246 0.00280762 -0.00476074
-0.00500488 0.00305176 -0.00476074
-0.00604248 0.00384521 -0.00476074
-0.00744629 0.00378418 -0.00469971
-0.00976562 0.00402832 -0.00396729
-0.0125732 0.00476074 -0.00323486
-0.0156860 0.00769043 -0.00219727
-0.0198364 0.0108643 -0.000732422
-0.0194092 0.0116577 -0.00122070
-0.0188599 0.0126343 -0.00250244
-0.0206299 0.0144653 -0.00347900
-0.0252686 0.0140991 -0.00433350
-0.0252686 0.0140991 -0.00433350
-0.0362549 0.0128784 -0.00531006
-0.0362549 0.0128784 -0.00531006
-0.0513916 0.0104980 -0.00720215
-0.0625610 0.00775146 -0.00653076
-0.0702515 0.00976562 -0.00604248
-0.0769043 0.0112915 -0.00653076
-0.0826416 0.0123291 -0.00628662
-0.0911255 0.0121460 -0.00512695
-0.0993042 0.0120239 -0.00335693
-0.104553 0.0117188 -0.00195312
-0.110901 0.0121460 -0.000305176
-0.116516 0.0132446 0.00195312
-0.121826 0.0128784 0.00457764
-0.125732 0.0127563 0.00622559
-0.130798 0.0110474 0.00854492
-0.135864 0.00946045 0.0108032
-0.140381 0.00860596 0.0129395
-0.143066 0.00830078 0.0139771
-0.143066 0.00830078 0.0139771
-0.143066 0.00830078 0.0139771
-0.143066 0.00830078 0.0139771
-0.154602 0.000244141 0.0201416
-0.156799 -0.00372314 0.0216064
-0.158447 -0.00872803 0.0223389
-0.159485 -0.0136108 0.0231934
-0.160034 -0.0191040 0.0241089
-0.159790 -0.0214233 0.0244751
-0.159607 -0.0204468 0.0247192
-0.158752 -0.0194702 0.0250854
-0.156128 -0.0176392 0.0249023
-0.153809 -0.0142212 0.0248413
-0.151306 -0.0107422 0.0251465
-0.149109 -0.00573730 0.0257568
-0.147156 -0.00195312 0.0254517
-0.144897 0.00109863 0.0255127
-0.143982 0.00439453 0.0266113
-0.142822 0.00646973 0.0273438
-0.142029 0.00463867 0.0274658
-0.137939 0.00115967 0.0272217
-0.136353 0.000122070 0.0270996
-0.133301 -0.000305176 0.0268555
-0.130310 -0.00152588 0.0269165
-0.128113 -0.00274658 0.0260620
-0.125610 -0.00585938 0.0252075
-0.123779 -0.00946045 0.0242920
-0.121582 -0.0125732 0.0236816
-0.119568 -0.0148315 0.0232544
-0.118103 -0.0158691 0.0231934
-0.117126 -0.0145874 0.0230103
-0.115601 -0.0119629 0.0228882
-0.114502 -0.00836182 0.0227661
-0.112122 -0.00402832 0.0225830
-0.108154 -0.00140381 0.0207520
-0.106323 0.00103760 0.0190430
-0.104004 0.00250244 0.0172119
-0.101929 0.00292969 0.0163574
-0.100525 0.00573730 0.0163574
-0.0985107 0.00775146 0.0156860
-0.0966797 0.00756836 0.0150146
-0.0966797 0.00756836 0.0150146
-0.0940552 0.00347900 0.0134277
-0.0927734 0.00360107 0.0129395
-0.0889282 0.00708008 0.0116577
-0.0855103 0.0120850 0.0109863
-0.0824585 0.0164185 0.00988770
-0.0793457 0.0222168 0.00982666
-0.0758057 0.0280151 0.0100098
-0.0716553 0.0303345 0.00927734
-0.0679932 0.0308838 0.00817871
-0.0651245 0.0294189 0.00671387
-0.0640869 0.0264282 0.00714111
-0.0619507 0.0250244 0.00689697
-0.0562134 0.0241089 0.00646973
-0.0511475 0.0216064 0.00531006
-0.0475464 0.0160522 0.00555420
-0.0443115 0.0115356 0.00549316
-0.0385132 0.00701904 0.00543213
-0.0334473 0.00366211 0.00506592
-0.0275269 0.00128174 0.00415039
-0.0255127 -0.00122070 0.00341797
-0.0255127 -0.00122070 0.00341797
-0.0210571 -0.00482178 0.00256348
-0.0182495 -0.00384521 0.00244141
-0.0130615 -0.00347900 0.00231934
-0.00830078 -0.00396729 0.00189209
-0.00451660 -0.00604248 0.00164795
-0.00189209 -0.00732422 0.00152588
0.00103760 -0.00604248 0.00134277
0.00476074 -0.00433350 0.00115967
0.00866699 -0.00415039 0.000305176
0.0119019 -0.00476074 -0.000122070
0.0165405 -0.00640869 -0.000427246
0.0209351 -0.00976562 -0.000854492
0.0253296 -0.0127563 -0.00207520
0.0296021 -0.0145874 -0.00213623
0.0347290 -0.0136719 -0.00250244
0.0386353 -0.0164795 -0.00286865
0.0418091 -0.0173340 -0.00354004
0.0467529 -0.0204468 -0.00415039
0.0527954 -0.0223999 -0.00506592
0.0575562 -0.0248413 -0.00531006
0.0627441 -0.0269775 -0.00555420
0.0687256 -0.0285645 -0.00634766
0.0747681 -0.0283813 -0.00738525
0.0778809 -0.0295410 -0.00805664
0.0798340 -0.0297241 -0.00872803
0.0816040 -0.0276489 -0.00946045
0.0851440 -0.0247192 -0.0106201
0.0874023 -0.0235596 -0.0113525
0.0898438 -0.0228882 -0.0115356
0.0918579 -0.0236816 -0.0122681
0.0949707 -0.0258789 -0.0130005
0.0994263 -0.0258789 -0.0132446
0.103699 -0.0247192 -0.0148315
0.108826 -0.0242920 -0.0153198
0.108826 -0.0242920 -0.0153198
0.124451 -0.0234985 -0.0184937
0.135864 -0.0223999 -0.0208740
0.148193 -0.0195312 -0.0233765
0.158142 -0.0164185 -0.0253906
0.158142 -0.0164185 -0.0253906
0.172668 -0.0138550 -0.0283813
0.169067 -0.0150146 -0.0261841
0.169922 -0.0215454 -0.0264282
0.171509 -0.0250244 -0.0265503
0.173523 -0.0236816 -0.0262451
0.174500 -0.0215454 -0.0266724
0.171387 -0.0170898 -0.0272217
0.167542 -0.0134888 -0.0271606
0.164490 -0.0119019 -0.0275269
0.162659 -0.0109863 -0.0274658
0.162109 -0.00970459 -0.0275879
0.159668 -0.00598145 -0.0260010
0.156250 -0.00256348 -0.0242310
0.153564 0.000610352 -0.0237427
0.149292 0.00286865 -0.0239868
0.146301 0.00256348 -0.0236206
0.143738 0.00231934 -0.0229492
0.140259 0.00329590 -0.0220337
0.137329 0.00390625 -0.0205688
0.136353 0.00427246 -0.0183105
0.134888 0.00402832 -0.0164795
0.130920 0.000183105 -0.0149536
0.126648 -0.00573730 -0.0140991
0.120972 -0.0115967 -0.0128174
0.117615 -0.0180054 -0.0130005
0.112061 -0.0197144 -0.0122681
0.107483 -0.0192261 -0.0122070
0.103394 -0.0177612 -0.0114136
0.100037 -0.0169678 -0.0104370
0.0974731 -0.0162964 -0.00939941
0.0974731 -0.0162964 -0.00939941
0.0888672 -0.0172729 -0.00781250
0.0845947 -0.0207520 -0.00805664
0.0802612 -0.0232544 -0.00842285
0.0765991 -0.0228882 -0.00939941
0.0720215 -0.0201416 -0.0101929
0.0673218 -0.0156250 -0.0114136
0.0622559 -0.0114136 -0.0125122
0.0579834 -0.00903320 -0.0130005
0.0537109 -0.00762939 -0.0133057
0.0498657 -0.00781250 -0.0133667
0.0462646 -0.00848389 -0.0129395
0.0444336 -0.00891113 -0.0123901
0.0417480 -0.00836182 -0.0115967
0.0393677 -0.00860596 -0.0112305
0.0377197 -0.00805664 -0.0108643
0.0349121 -0.00854492 -0.0104980
0.0322876 -0.00787354 -0.00933838
0.0322876 -0.00787354 -0.00933838
0.0272217 -0.00604248 -0.00677490
0.0244141 -0.00494385 -0.00537109
0.0223389 -0.00506592 -0.00378418
0.0195923 -0.00561523 -0.00280762
0.0175781 -0.00561523 -0.00213623
0.0155029 -0.00640869 -0.00128174
0.0133057 -0.00714111 -0.000488281
0.0117798 -0.00695801 0.000183105
0.0103149 -0.00653076 0.000915527
0.00927734 -0.00585938 0.00128174
0.00836182 -0.00488281 0.00158691
0.00714111 -0.00476074 0.00213623
0.00555420 -0.00488281 0.00183105
0.00451660 -0.00537109 0.00183105
0.00286865 -0.00610352 0.00170898
0.00195312 -0.00701904 0.00164795
0.000122070 -0.00799561 0.00134277
-0.00115967 -0.00866699 0.000610352
-0.00195312 -0.00787354 0.000244141
-0.00262451 -0.00646973 0.00000
-0.00262451 -0.00500488 -0.000305176
-0.00274658 -0.00390625 -0.000183105
-0.00268555 -0.00292969 -0.000122070
-0.00280762 -0.00250244 0.00000
-0.00274658 -0.00262451 0.000183105
-0.00244141 -0.00274658 0.000366211
-0.00262451 -0.00366211 0.000549316
-0.00225830 -0.00421143 0.000915527
-0.00225830 -0.00457764 0.00128174
-0.00201416 -0.00463867 0.00164795
-0.00158691 -0.00476074 0.00213623
-0.00225830 -0.00500488 0.00213623
-0.00103760 -0.00585938 0.00164795
-0.000854492 -0.00665283 0.00146484
-0.000915527 -0.00738525 0.000915527
-0.000244141 -0.00701904 0.000610352
-0.000244141 -0.00640869 0.000488281
0.000671387 -0.00555420 0.000122070
0.00140381 -0.00476074 6.10352e-05
0.00134277 -0.00457764 -0.000305176
0.00177002 -0.00482178 -0.000671387
0.00195312 -0.00408936 -0.00128174
0.00244141 -0.00372314 -0.00201416
0.00231934 -0.00366211 -0.00250244
0.00225830 -0.00329590 -0.00244141
0.00164795 -0.00305176 -0.00262451
0.00189209 -0.00329590 -0.00286865
0.00109863 -0.00366211 -0.00280762
0.000793457 -0.00390625 -0.00268555
0.000793457 -0.00372314 -0.00256348
0.000183105 -0.00311279 -0.00225830
-0.000427246 -0.00256348 -0.00134277
-0.00122070 -0.00207520 -0.000915527
-0.00195312 -0.00250244 -0.000183105
-0.00347900 -0.00292969 0.00115967
-0.00463867 -0.00262451 0.00177002
-0.00555420 -0.00219727 0.00256348
-0.00555420 -0.00219727 0.00256348
-0.00921631 -0.00128174 0.00384521
-0.0112305 -0.000915527 0.00469971
-0.0138550 -0.000488281 0.00524902
-0.0161743 0.000122070 0.00598145
-0.0161743 0.000122070 0.00598145
-0.0216675 0.00128174 0.00701904
-0.0216675 0.00128174 0.00701904
-0.0290527 0.00280762 0.00811768
-0.0323486 0.00335693 0.00860596
-0.0368652 0.00488281 0.00946045
-0.0415039 0.00634766 0.0101318
-0.0448608 0.00689697 0.0109253
-0.0496826 0.00665283 0.0114746
-0.0496826 0.00665283 0.0114746
-0.0604858 0.00347900 0.0128174
-0.0645142 0.00311279 0.0127563
-0.0684814 0.00341797 0.0125122
-0.0729370 0.00476074 0.0122681
-0.0729370 0.00476074 0.0122681
-0.0823975 0.00714111 0.0123901
-0.0878296 0.00927734 0.0128174
-0.0878296 0.00927734 0.0128174
-0.0980225 0.0100708 0.0144043
-0.104065 0.0115967 0.0154419
-0.108704 0.0128784 0.0162964
-0.114075 0.0134888 0.0169067
-0.117859 0.0134277 0.0173340
-0.122681 0.0119019 0.0179443
-0.126465 0.00903320 0.0186768
-0.129517 0.00659180 0.0196533
-0.131836 0.00378418 0.0207520
-0.131836 0.00378418 0.0207520
-0.135559 -0.00140381 0.0225220
-0.137329 -0.00360107 0.0229492
-0.137573 -0.00708008 0.0235596
-0.138306 -0.00939941 0.0241089
-0.139282 -0.0128174 0.0250854
-0.139465 -0.0141602 0.0252686
-0.140259 -0.0146484 0.0253296
-0.140869 -0.0133057 0.0246582
-0.142334 -0.0103149 0.0235596
-0.143677 -0.00524902 0.0217896
-0.146545 0.000732422 0.0206909
-0.150208 0.00726318 0.0202026
-0.153015 0.0119629 0.0203857
-0.156677 0.0153809 0.0202637
-0.159058 0.0164795 0.0203857
-0.159912 0.0185547 0.0212402
-0.159363 0.0195923 0.0227661
-0.157776 0.0187988 0.0249023
-0.153259 0.0154419 0.0264282
-0.149170 0.0101929 0.0267944
-0.144775 0.00231934 0.0266724
-0.141113 -0.00793457 0.0261230
-0.138184 -0.0187988 0.0244751
-0.137512 -0.0261230 0.0235596
-0.135803 -0.0310669 0.0215454
-0.133728 -0.0300903 0.0200806
-0.131653 -0.0242310 0.0189209
-0.129150 -0.0185547 0.0181885
-0.127380 -0.0109863 0.0173950
-0.124023 -0.000854492 0.0176392
-0.119690 0.00744629 0.0181274
-0.113831 0.0179443 0.0181885
-0.106750 0.0273438 0.0175171
-0.100037 0.0341187 0.0157471
-0.0951538 0.0362549 0.0146484
-0.0892334 0.0349121 0.0121460
-0.0856323 0.0322266 0.0106201
-0.0823364 0.0291138 0.00921631
-0.0799561 0.0265503 0.00830078
-0.0766602 0.0222168 0.00823975
-0.0729370 0.0172729 0.00805664
-0.0701904 0.0140991 0.00781250
-0.0664062 0.0111084 0.00793457
-0.0620117 0.00854492 0.00744629
-0.0559692 0.00634766 0.00671387
-0.0498657 0.00512695 0.00585938
-0.0421143 0.00488281 0.00537109
-0.0360107 0.00372314 0.00476074
-0.0297852 0.00189209 0.00463867
-0.0251465 0.000610352 0.00439453
-0.0214233 -0.00134277 0.00372314
-0.0172119 -0.00286865 0.00256348
-0.0150757 -0.00305176 0.00195312
-0.0125122 -0.00384521 0.00128174
-0.00976562 -0.00360107 0.00109863
-0.00976562 -0.00360107 0.00109863
-0.00219727 -0.00189209 0.000732422
0.000793457 -0.00280762 0.000488281
0.00390625 -0.00384521 0.000427246
0.00598145 -0.00439453 -0.000305176
0.00836182 -0.00488281 -0.000671387
0.0109253 -0.00610352 -0.000976562
0.0137329 -0.00781250 -0.000671387
0.0158691 -0.00769043 -0.000549316
0.0194702 -0.00750732 -0.000732422
0.0217896 -0.00738525 -0.000976562
0.0237427 -0.00671387 -0.000244141
0.0252075 -0.00616455 -0.000610352
0.0264282 -0.00598145 -0.000976562
0.0269775 -0.00677490 -0.00177002
0.0286255 -0.00714111 -0.00238037
0.0298462 -0.00885010 -0.00268555
0.0322876 -0.0114746 -0.00256348
0.0346069 -0.0144653 -0.00238037
0.0379028 -0.0165405 -0.00250244
0.0413818 -0.0178223 -0.00244141
0.0413818 -0.0178223 -0.00244141
0.0512695 -0.0162354 -0.00274658
0.0567017 -0.0147095 -0.00360107
0.0638428 -0.0155029 -0.00402832
0.0714722 -0.0156860 -0.00476074
0.0761719 -0.0185547 -0.00512695
0.0817871 -0.0198975 -0.00616455
0.0858154 -0.0217285 -0.00714111
0.0900879 -0.0228882 -0.00830078
0.0930176 -0.0223999 -0.00903320
0.0969238 -0.0220947 -0.00982666
0.101929 -0.0230713 -0.0112915
0.109070 -0.0266113 -0.0127563
0.116699 -0.0298462 -0.0139771
0.126099 -0.0356445 -0.0159302
0.133362 -0.0411377 -0.0180054
0.138062 -0.0443115 -0.0193481
0.141052 -0.0479736 -0.0217285
0.140076 -0.0501099 -0.0232544
0.140259 -0.0510864 -0.0258789
0.139160 -0.0487061 -0.0285034
0.136292 -0.0404663 -0.0312500
0.135864 -0.0308838 -0.0335083
0.137695 -0.0225830 -0.0350342
0.139587 -0.0175781 -0.0354004
0.142700 -0.0119019 -0.0357666
0.144226 -0.00860596 -0.0360718
0.145264 -0.00738525 -0.0353394
0.148865 -0.00860596 -0.0355835
0.151367 -0.00885010 -0.0360718
0.152100 -0.00708008 -0.0374756
0.150696 -0.00323486 -0.0381470
0.149536 0.00170898 -0.0377808
0.150818 0.00573730 -0.0368652
0.152649 0.00787354 -0.0351562
0.154114 0.00750732 -0.0335083
0.155518 0.00531006 -0.0313110
0.153748 0.00280762 -0.0306396
0.151123 -0.000793457 -0.0305786
0.149048 -0.00634766 -0.0315552
0.147034 -0.0104370 -0.0322266
0.142456 -0.0110474 -0.0328979
0.138428 -0.00921631 -0.0330811
0.135498 -0.00616455 -0.0336914
0.132690 -0.00427246 -0.0338135
0.129456 -0.00500488 -0.0337524
0.125244 -0.00634766 -0.0334473
0.118408 -0.00885010 -0.0332642
0.112854 -0.0115967 -0.0336914
0.108093 -0.0132446 -0.0336304
0.102295 -0.0143433 -0.0331421
0.0961304 -0.0150146 -0.0316162
0.0905151 -0.0145264 -0.0291138
0.0859375 -0.0144043 -0.0267334
0.0802612 -0.0156860 -0.0230713
0.0758667 -0.0187378 -0.0196533
0.0703735 -0.0219727 -0.0164795
0.0664673 -0.0255127 -0.0135498
0.0621948 -0.0268555 -0.0113525
0.0571899 -0.0246582 -0.00885010
0.0530396 -0.0214233 -0.00689697
0.0494995 -0.0166626 -0.00506592
0.0441895 -0.0119629 -0.00329590
0.0393677 -0.00787354 -0.00158691
0.0355835 -0.00567627 -0.000122070
0.0311279 -0.00341797 0.00158691
0.0270386 -0.00317383 0.00305176
0.0234375 -0.00354004 0.00482178
0.0210571 -0.00372314 0.00573730
0.0194702 -0.00421143 0.00683594
0.0180664 -0.00488281 0.00762939
0.0164795 -0.00482178 0.00836182
0.0159302 -0.00537109 0.00854492
0.0143433 -0.00518799 0.00921631
0.0127563 -0.00512695 0.00976562
0.0119629 -0.00549316 0.00933838
0.00927734 -0.00598145 0.00976562
0.00823975 -0.00659180 0.00915527
0.00653076 -0.00738525 0.00866699
0.00506592 -0.00805664 0.00836182
0.00396729 -0.00738525 0.00775146
0.00299072 -0.00726318 0.00714111
0.00213623 -0.00671387 0.00640869
6.10352e-05 -0.00488281 0.00592041
-0.000244141 -0.00299072 0.00500488
-0.000793457 -0.00140381 0.00427246
-0.00158691 -0.00140381 0.00396729
-0.00256348 -0.00134277 0.00372314
-0.00268555 -0.000915527 0.00311279
-0.00329590 -0.000488281 0.00311279
-0.00347900 -0.000122070 0.00274658
-0.00366211 0.00000 0.00274658
-0.00421143 -0.00128174 0.00244141
-0.00469971 -0.00262451 0.00213623
-0.00555420 -0.00354004 0.00195312
-0.00659180 -0.00335693 0.00140381
-0.00683594 -0.00323486 0.000854492
-0.00750732 -0.00354004 0.000549316
-0.00823975 -0.00329590 6.10352e-05
-0.00817871 -0.00286865 -0.000122070
-0.00878906 -0.00231934 -0.000305176
-0.00921631 -0.00183105 -0.000488281
-0.00994873 -0.00134277 -0.000976562
-0.0101318 -0.000976562 -0.00122070
-0.0104980 -0.000427246 -0.00115967
-0.0109863 -0.000183105 -0.00115967
-0.0112915 -0.000427246 -0.00122070
-0.0117188 -0.000427246 -0.00109863
-0.0118408 -0.000915527 -0.00122070
-0.0115967 -0.00134277 -0.00115967
-0.0119019 -0.00207520 -0.00103760
-0.0112305 -0.00213623 -0.00103760
-0.0112305 -0.00213623 -0.00103760
-0.0104980 -0.00213623 -0.000488281
-0.00964355 -0.00262451 -0.000122070
-0.00915527 -0.00305176 0.00000
-0.00866699 -0.00341797 6.10352e-05
-0.00805664 -0.00347900 0.000549316
-0.00744629 -0.00335693 0.000671387
-0.00683594 -0.00286865 0.000793457
-0.00616455 -0.00256348 0.000976562
-0.00512695 -0.00183105 0.000854492
-0.00482178 -0.00219727 0.000854492
-0.00433350 -0.00286865 0.000854492
-0.00341797 -0.00305176 0.00109863
-0.00299072 -0.00299072 0.00109863
-0.00244141 -0.00262451 0.000976562
-0.00189209 -0.00115967 0.000732422
-0.00158691 0.000671387 0.000915527
-0.00109863 0.00256348 0.00103760
-0.000427246 0.00451660 0.00128174
-0.000671387 0.00506592 0.00158691
-0.000671387 0.00512695 0.00225830
-0.000671387 0.00512695 0.00225830
-0.00323486 0.00415039 0.00384521
-0.00238037 0.00274658 0.00421143
-0.00122070 -0.00274658 0.00372314
-0.00451660 -0.00646973 0.00378418
-0.00524902 -0.00848389 0.00244141
-0.00195312 -0.00976562 0.00115967
-0.000732422 -0.00939941 -6.10352e-05
-0.00274658 -0.00915527 -0.000427246
-0.00323486 -0.00793457 -0.000610352
-0.00219727 -0.00506592 -0.000854492
-0.00201416 -0.00231934 -0.000610352
-0.00177002 0.00146484 0.00000
-0.00170898 0.00457764 0.00109863
-0.00250244 0.00561523 0.00189209
-0.00274658 0.00555420 0.00238037
-0.00384521 0.00500488 0.00335693
-0.00445557 0.00390625 0.00341797
-0.00476074 0.00213623 0.00372314
-0.00585938 -0.000732422 0.00329590
-0.00640869 -0.00402832 0.00274658
-0.00738525 -0.00695801 0.00201416
-0.00830078 -0.00848389 0.00164795
-0.00897217 -0.00878906 0.00115967
-0.00909424 -0.00775146 0.000488281
-0.00909424 -0.00622559 0.000305176
-0.00891113 -0.00433350 -0.000305176
-0.00836182 -0.00177002 -0.000305176
-0.00842285 -0.000305176 -0.000122070
-0.00854492 -6.10352e-05 6.10352e-05
-0.00799561 -0.000122070 -6.10352e-05
-0.00793457 -0.000854492 -0.000122070
-0.00811768 -0.00103760 -0.000244141
-0.00842285 -0.000976562 -0.000244141
-0.00872803 -0.000366211 -0.000305176
-0.00946045 -0.000427246 -0.000183105
-0.0101318 -0.000366211 -0.000244141
-0.0112305 -0.00122070 6.10352e-05
-0.0122070 -0.00134277 -0.000244141
-0.0134277 -0.00164795 -0.000305176
-0.0142822 -0.00103760 -0.000488281
-0.0158691 -0.000305176 -0.000549316
-0.0172119 0.000427246 -0.000122070
-0.0187378 0.000488281 6.10352e-05
-0.0203857 0.000915527 0.000488281
-0.0221558 0.000976562 0.000915527
-0.0243530 0.00158691 0.00128174
-0.0269165 0.00299072 0.00195312
-0.0289307 0.00408936 0.00244141
-0.0314941 0.00567627 0.00268555
-0.0349731 0.00659180 0.00347900
-0.0376587 0.00750732 0.00415039
-0.0415039 0.00799561 0.00500488
-0.0461426 0.00872803 0.00543213
-0.0504761 0.00909424 0.00616455
-0.0545044 0.00988770 0.00634766
-0.0585938 0.00994873 0.00726318
-0.0631714 0.0103149 0.00799561
-0.0671387 0.0106201 0.00885010
-0.0709839 0.0100708 0.00921631
-0.0746460 0.00952148 0.00982666
-0.0792847 0.00964355 0.0103760
-0.0822754 0.00982666 0.0108032
-0.0859375 0.0100708 0.0115967
-0.0897217 0.00970459 0.0122681
-0.0937500 0.00878906 0.0130615
-0.0966797 0.00805664 0.0140991
-0.100647 0.00701904 0.0150146
-0.104065 0.00653076 0.0156860
-0.106873 0.00628662 0.0163574
-0.110962 0.00628662 0.0164185
-0.114685 0.00622559 0.0164185
-0.118713 0.00598145 0.0169678
-0.121643 0.00579834 0.0176392
-0.125610 0.00598145 0.0177612
-0.128906 0.00616455 0.0181885
-0.131348 0.00628662 0.0181885
-0.133362 0.00549316 0.0187378
-0.135620 0.00354004 0.0190430
-0.137146 0.00170898 0.0194702
-0.137878 -0.000793457 0.0200806
-0.137878 -0.00311279 0.0206299
-0.137512 -0.00445557 0.0213013
-0.137085 -0.00689697 0.0225220
-0.136719 -0.00708008 0.0230713
-0.135986 -0.00732422 0.0239868
-0.135315 -0.00646973 0.0251465
-0.135925 -0.00537109 0.0259399
-0.136353 -0.00549316 0.0260620
-0.135803 -0.00494385 0.0264282
-0.135071 -0.00476074 0.0264282
-0.133606 -0.00402832 0.0265503
-0.133606 -0.00402832 0.0265503
-0.133606 -0.00402832 0.0265503
-0.124756 -0.00708008 0.0249634
-0.122253 -0.00927734 0.0247803
-0.122253 -0.00927734 0.0247803
-0.118286 -0.0119019 0.0249023
-0.118286 -0.0119019 0.0249023
-0.108704 -0.0252686 0.0251465
-0.105103 -0.0296021 0.0254517
-0.103088 -0.0344238 0.0252075
-0.101318 -0.0360107 0.0253906
-0.0983276 -0.0371704 0.0242920
-0.0964966 -0.0366211 0.0229492
-0.0937500 -0.0344238 0.0213623
-0.0921021 -0.0309448 0.0203857
-0.0888672 -0.0233765 0.0193481
-0.0845947 -0.0134277 0.0184937
-0.0808716 -0.00268555 0.0175171
-0.0788574 0.00451660 0.0168457
-0.0769653 0.0104980 0.0163574
-0.0757446 0.0151367 0.0160522
-0.0735474 0.0186768 0.0152588
-0.0712280 0.0195923 0.0139771
-0.0687256 0.0182495 0.0125732
-0.0660400 0.0137939 0.0108643
-0.0642700 0.0101929 0.0100098
-0.0614014 0.00726318 0.00915527
-0.0590820 0.00659180 0.00891113
-0.0574341 0.00836182 0.00891113
-0.0555420 0.0105591 0.00860596
-0.0540161 0.0131836 0.00836182
-0.0527344 0.0148926 0.00793457
-0.0518188 0.0168457 0.00744629
-0.0499878 0.0196533 0.00738525
-0.0473022 0.0216064 0.00640869
-0.0440063 0.0225830 0.00628662
-0.0407715 0.0230103 0.00665283
-0.0367432 0.0220337 0.00622559
-0.0322876 0.0191040 0.00549316
-0.0292358 0.0169678 0.00482178
-0.0274658 0.0141602 0.00463867
-0.0251465 0.0120850 0.00390625
-0.0237427 0.00946045 0.00341797
-0.0218506 0.00671387 0.00262451
-0.0188599 0.00408936 0.00213623
-0.0147705 0.00238037 0.00170898
-0.00976562 0.000610352 0.00122070
-0.00567627 -0.000366211 0.000976562
-0.000671387 -0.000793457 0.000183105
0.00396729 0.000610352 -6.10352e-05
0.00720215 0.00201416 -0.000610352
0.0115356 0.00225830 -0.00109863
0.0147095 0.00170898 -0.00164795
0.0178223 -6.10352e-05 -0.00219727
0.0207520 -0.00238037 -0.00250244
0.0239258 -0.00561523 -0.00292969
0.0269165 -0.00915527 -0.00317383
0.0305786 -0.0116577 -0.00354004
0.0329590 -0.0136719 -0.00384521
0.0355225 -0.0155640 -0.00402832
0.0375977 -0.0164795 -0.00433350
0.0391846 -0.0161133 -0.00469971
0.0424194 -0.0131226 -0.00482178
0.0473633 -0.00964355 -0.00616455
0.0551758 -0.00793457 -0.00695801
0.0625610 -0.00726318 -0.00744629
0.0731812 -0.00787354 -0.00805664
0.0826416 -0.00988770 -0.00921631
0.0877075 -0.0147095 -0.0103149
0.0896606 -0.0194092 -0.0108643
0.0929565 -0.0222168 -0.0122070
0.0929565 -0.0222168 -0.0122070
0.0929565 -0.0222168 -0.0122070
0.102783 -0.0215454 -0.0172119
0.111572 -0.0198364 -0.0200806
0.118652 -0.0165405 -0.0214844
0.124390 -0.0152588 -0.0222778
0.129639 -0.0125122 -0.0222778
0.129639 -0.0125122 -0.0222778
0.130371 -0.0134888 -0.0211792
0.129272 -0.0234375 -0.0207520
0.129272 -0.0234375 -0.0207520
0.125427 -0.0346680 -0.0203857
0.125916 -0.0357666 -0.0211182
0.128784 -0.0347290 -0.0230103
0.128662 -0.0313110 -0.0236206
0.128601 -0.0231323 -0.0234375
0.131592 -0.0148926 -0.0233154
0.136841 -0.00415039 -0.0233765
0.143188 0.00244141 -0.0241089
0.148560 0.00299072 -0.0253906
0.150696 0.000305176 -0.0250244
0.151917 -0.00543213 -0.0247803
0.152344 -0.0100098 -0.0247803
0.152161 -0.0112305 -0.0255127
0.151367 -0.0100098 -0.0267944
0.150635 -0.00817871 -0.0269165
0.149048 -0.00701904 -0.0273438
0.146484 -0.00714111 -0.0272827
0.144226 -0.00689697 -0.0271606
0.143738 -0.00537109 -0.0265503
0.141663 -0.00317383 -0.0267334
0.139832 0.000610352 -0.0267334
0.137878 0.00292969 -0.0262451
0.135620 0.00250244 -0.0252075
0.133789 0.00219727 -0.0240479
0.130371 0.00201416 -0.0228271
0.127197 0.000976562 -0.0218506
0.124268 -0.00122070 -0.0211792
0.121033 -0.00305176 -0.0211182
0.117249 -0.00512695 -0.0213623
0.112915 -0.00531006 -0.0221558
0.108704 -0.00476074 -0.0223389
0.107178 -0.00415039 -0.0220947
0.103882 -0.00372314 -0.0217285
0.100708 -0.00469971 -0.0213623
0.0985718 -0.00628662 -0.0206299
0.0952759 -0.00878906 -0.0202026
0.0904541 -0.0111084 -0.0191040
0.0854492 -0.0134888 -0.0179443
0.0829468 -0.0150146 -0.0178223
0.0779419 -0.0145874 -0.0167236
0.0735474 -0.0142212 -0.0158081
0.0703125 -0.0131836 -0.0148315
0.0655518 -0.0125122 -0.0139160
0.0603638 -0.0118408 -0.0130005
0.0552368 -0.0117188 -0.0115356
0.0523071 -0.0118408 -0.0113525
0.0480957 -0.0117188 -0.0104980
0.0441284 -0.0104370 -0.00976562
0.0395508 -0.00897217 -0.00927734
0.0369263 -0.00836182 -0.00921631
0.0336304 -0.00823975 -0.00946045
0.0298462 -0.00805664 -0.00964355
0.0270386 -0.00769043 -0.00909424
0.0236816 -0.00720215 -0.00872803
0.0203247 -0.00750732 -0.00854492
0.0172119 -0.00836182 -0.00799561
0.0172119 -0.00836182 -0.00799561
0.0112305 -0.00878906 -0.00769043
0.00903320 -0.00726318 -0.00720215
0.00677490 -0.00427246 -0.00750732
0.00451660 -0.00286865 -0.00781250
0.000244141 -0.00299072 -0.00592041
-0.000549316 0.00225830 -0.00384521
-0.000244141 0.00549316 -0.00292969
-0.00122070 0.00610352 -0.00225830
-0.00195312 0.00506592 -0.000427246
-0.00274658 0.00317383 0.000244141
-0.00268555 0.000305176 0.000183105
-0.00329590 -0.00286865 0.000610352
-0.00415039 -0.00604248 0.000976562
-0.00469971 -0.00903320 0.000793457
-0.00421143 -0.0103149 0.000610352
-0.00524902 -0.0107422 0.000732422
-0.00512695 -0.00939941 6.10352e-05
-0.00482178 -0.00817871 -0.000122070
-0.00482178 -0.00555420 0.000183105
-0.00360107 -0.00292969 0.000183105
-0.00311279 0.000183105 -6.10352e-05
-0.00299072 0.00225830 0.00000
-0.00244141 0.00390625 -0.000183105
-0.00158691 0.00573730 -0.000183105
-0.000915527 0.00488281 -0.000671387
-0.000244141 0.00360107 -0.000915527
-0.000671387 0.000183105 -0.00109863
-0.00140381 -0.00347900 -0.00109863
-0.00128174 -0.00537109 -0.000366211
-0.00109863 -0.00646973 0.000183105
-0.00146484 -0.00720215 0.000793457
-0.00140381 -0.00683594 0.00183105
-0.00134277 -0.00689697 0.00225830
-0.00103760 -0.00628662 0.00268555
-0.00103760 -0.00531006 0.00311279
-0.000732422 -0.00476074 0.00329590
-0.000549316 -0.00476074 0.00329590
-0.000366211 -0.00439453 0.00305176
-0.000305176 -0.00433350 0.00280762
-0.000427246 -0.00421143 0.00280762
-0.000366211 -0.00463867 0.00225830
-0.000549316 -0.00494385 0.00213623
-0.000488281 -0.00439453 0.00152588
-0.000732422 -0.00402832 0.00134277
-0.000854492 -0.00451660 0.00109863
-0.00115967 -0.00421143 0.00103760
-0.00109863 -0.00415039 0.000549316
-0.00146484 -0.00427246 0.000366211
-0.00146484 -0.00329590 0.000122070
-0.00122070 -0.00335693 0.000183105
-0.00134277 -0.00335693 0.000305176
-0.00140381 -0.00366211 0.000488281
-0.00109863 -0.00335693 0.000366211
-0.00152588 -0.00384521 0.000610352
-0.00122070 -0.00360107 0.000854492
-0.00122070 -0.00335693 0.000854492
-0.000793457 -0.00354004 0.00115967
-0.00109863 -0.00366211 0.00146484
-0.00146484 -0.00402832 0.00189209
-0.00140381 -0.00445557 0.00201416
-0.00115967 -0.00463867 0.00201416
-0.00146484 -0.00488281 0.00189209
-0.00140381 -0.00506592 0.00158691
-0.00134277 -0.00421143 0.00122070
-0.00109863 -0.00341797 0.000793457
-0.00140381 -0.00341797 0.000732422
-0.00158691 -0.00256348 0.000244141
-0.00170898 -0.00238037 0.000366211
-0.00140381 -0.00250244 0.000183105
-0.00146484 -0.00268555 0.000244141
-0.00164795 -0.00317383 0.000366211
-0.00158691 -0.00360107 0.000488281
-0.00158691 -0.00384521 0.000793457
-0.00164795 -0.00384521 0.00103760
-0.00115967 -0.00421143 0.000732422
-0.00177002 -0.00427246 0.000732422
-0.00177002 -0.00421143 0.000793457
-0.00207520 -0.00396729 0.000793457
-0.00238037 -0.00372314 0.000793457
-0.00268555 -0.00366211 0.000671387
-0.00317383 -0.00329590 0.000854492
-0.00360107 -0.00347900 0.000915527
-0.00402832 -0.00317383 0.00115967
-0.00433350 -0.00299072 0.00103760
-0.00524902 -0.00274658 0.00140381
-0.00604248 -0.00274658 0.00109863
-0.00726318 -0.00152588 0.000610352
-0.00799561 -0.000732422 0.000488281
-0.0101929 -0.000427246 0.000549316
-0.0130005 -0.000183105 0.000854492
-0.0153198 -6.10352e-05 0.00177002
-0.0187378 0.000549316 0.00201416
-0.0217285 0.000427246 0.00183105
-0.0253906 -0.00146484 0.00201416
-0.0288086 -0.00170898 0.00213623
-0.0332031 -0.00231934 0.00207520
-0.0377197 -0.00195312 0.00225830
-0.0427246 -0.00115967 0.00225830
-0.0473633 0.000671387 0.00256348
-0.0525513 0.00250244 0.00329590
-0.0595703 0.00427246 0.00415039
-0.0651855 0.00531006 0.00512695
-0.0711670 0.00646973 0.00610352
-0.0777588 0.00756836 0.00683594
-0.0850220 0.00799561 0.00769043
-0.0905151 0.00762939 0.00830078
-0.0973511 0.00689697 0.00964355
-0.103516 0.00646973 0.0104980
-0.108215 0.00598145 0.0117798
-0.113953 0.00506592 0.0129395
-0.119080 0.00408936 0.0142822
-0.124084 0.00415039 0.0156250
-0.126892 0.00378418 0.0164795
-0.130615 0.00408936 0.0176392
-0.133118 0.00292969 0.0192871
-0.135986 0.00158691 0.0206299
-0.137573 0.000854492 0.0215454
-0.139465 -0.000183105 0.0222778
-0.139771 -0.00109863 0.0230713
-0.139221 -0.00201416 0.0227661
-0.138733 -0.00469971 0.0230713
-0.137756 -0.00793457 0.0228271
-0.135132 -0.0109253 0.0227661
-0.132996 -0.0139771 0.0222778
-0.129944 -0.0165405 0.0216064
-0.126343 -0.0172729 0.0216064
-0.123108 -0.0165405 0.0209351
-0.123108 -0.0165405 0.0209351
-0.123108 -0.0165405 0.0209351
-0.114502 -0.00787354 0.0203857
-0.113647 -0.00518799 0.0203247
-0.113831 -0.00189209 0.0203857
-0.113831 -0.00189209 0.0203857
-0.117493 0.00244141 0.0197754
-0.117493 0.00244141 0.0197754
-0.117493 0.00244141 0.0197754
-0.126343 0.0107422 0.0218506
-0.130188 0.0101318 0.0225830
-0.131897 0.00878906 0.0231934
-0.133179 0.00567627 0.0231323
-0.133179 0.00567627 0.0231323
-0.133179 0.00567627 0.0231323
-0.127686 -0.00128174 0.0242310
-0.123474 -0.00323486 0.0239258
-0.116760 -0.00396729 0.0229492
-0.111755 -0.00341797 0.0225220
-0.103638 -0.00201416 0.0202637
-0.0975342 0.000854492 0.0187988
-0.0925903 0.00482178 0.0177002
-0.0893555 0.00823975 0.0173340
-0.0861206 0.0120850 0.0166626
-0.0833130 0.0166626 0.0166016
-0.0810547 0.0183105 0.0161133
-0.0785522 0.0184326 0.0159912
-0.0774536 0.0156250 0.0159302
-0.0770874 0.0127563 0.0164795
-0.0761719 0.00952148 0.0158691
-0.0770874 0.00592041 0.0148926
-0.0775146 0.00555420 0.0142822
-0.0767212 0.00708008 0.0128174
-0.0764771 0.00860596 0.0117798
-0.0753174 0.00994873 0.0110474
-0.0739746 0.0111084 0.0115967
-0.0722656 0.0123291 0.0119019
-0.0686646 0.0149536 0.0118408
-0.0661621 0.0170898 0.0114746
-0.0646973 0.0189819 0.0114746
-0.0636597 0.0191650 0.0110474
-0.0637817 0.0176392 0.0102539
-0.0635376 0.0156250 0.00927734
-0.0636597 0.0136108 0.00891113
-0.0628662 0.0126343 0.00921631
-0.0590210 0.0125732 0.00811768
-0.0561523 0.0113525 0.00750732
-0.0526123 0.00988770 0.00714111
-0.0490723 0.00708008 0.00634766
-0.0449219 0.00518799 0.00604248
-0.0401001 0.00457764 0.00518799
-0.0401001 0.00457764 0.00518799
-0.0322876 0.00341797 0.00366211
-0.0278320 0.00347900 0.00335693
-0.0239868 0.00378418 0.00299072
-0.0183716 0.00524902 0.00280762
-0.0131836 0.00543213 0.00213623
-0.0100708 0.00439453 0.00164795
-0.00714111 0.00250244 0.00140381
-0.00244141 0.00238037 0.000976562
0.00219727 0.00262451 0.000427246
0.00219727 0.00262451 0.000427246
0.00775146 -0.00262451 0.000366211
0.0100708 -0.00433350 0.000610352
0.0123901 -0.00592041 6.10352e-05
0.0131836 -0.00714111 -0.000244141
0.0145874 -0.00695801 -0.000915527
0.0150757 -0.00714111 -0.00109863
0.0169067 -0.00830078 -0.00134277
0.0184326 -0.00878906 -0.00128174
0.0199585 -0.00994873 -0.00128174
0.0220337 -0.0117798 -0.00122070
0.0248413 -0.0120239 -0.000793457
0.0281372 -0.0118408 -0.00128174
0.0323486 -0.0117188 -0.00140381
0.0367432 -0.0130615 -0.00183105
0.0397949 -0.0141602 -0.00183105
0.0445557 -0.0154419 -0.00177002
0.0504150 -0.0158691 -0.00231934
0.0569458 -0.0168457 -0.00286865
0.0625000 -0.0191040 -0.00341797
0.0700684 -0.0218506 -0.00457764
0.0700684 -0.0218506 -0.00457764
0.0773315 -0.0226440 -0.00555420
0.0916138 -0.0242310 -0.00817871
0.0958862 -0.0208740 -0.00915527
0.101074 -0.0209961 -0.0106812
0.105835 -0.0188599 -0.0122681
0.111572 -0.0151978 -0.0143433
0.118042 -0.0149536 -0.0156250
0.125488 -0.0162354 -0.0168457
0.131531 -0.0173340 -0.0176392
0.131531 -0.0173340 -0.0176392
0.144470 -0.0295410 -0.0205078
0.149536 -0.0346680 -0.0224609
0.152405 -0.0382690 -0.0241699
0.152893 -0.0405273 -0.0267944
0.152893 -0.0405273 -0.0267944
0.147095 -0.0361938 -0.0316772
0.142883 -0.0276489 -0.0330200
0.139893 -0.0171509 -0.0330811
0.138062 -0.00817871 -0.0319214
0.135925 -0.00396729 -0.0302734
0.136902 -0.00244141 -0.0277710
0.139526 -0.00201416 -0.0258789
0.141541 -0.00189209 -0.0241089
0.142517 -0.00115967 -0.0233765
0.142517 -0.00115967 -0.0233765
0.143982 -0.00653076 -0.0211792
0.143005 -0.00787354 -0.0206909
0.139954 -0.00848389 -0.0201416
0.138855 -0.00750732 -0.0201416
0.140625 -0.00561523 -0.0194092
0.141174 -0.00463867 -0.0180664
0.141785 -0.00671387 -0.0166016
0.140503 -0.0111084 -0.0162964
0.136963 -0.0158691 -0.0164185
0.134460 -0.0216675 -0.0173950
0.131165 -0.0233765 -0.0194092
0.127502 -0.0204468 -0.0211792
0.125244 -0.0148926 -0.0220947
0.123413 -0.00787354 -0.0220337
0.121826 -0.00396729 -0.0220337
0.118103 -0.00305176 -0.0210571
0.115234 -0.00518799 -0.0202637
0.112122 -0.00756836 -0.0193481
0.107910 -0.00811768 -0.0180054
0.104980 -0.00799561 -0.0175171
0.101257 -0.00665283 -0.0173950
0.0968018 -0.00665283 -0.0164185
0.0921021 -0.00616455 -0.0148926
0.0894165 -0.00628662 -0.0137329
0.0853882 -0.00646973 -0.0118408
0.0798950 -0.00775146 -0.0101318
0.0742798 -0.0111694 -0.00842285
0.0697021 -0.0133667 -0.00689697
0.0638428 -0.0157471 -0.00604248
0.0584106 -0.0164795 -0.00561523
0.0540771 -0.0156860 -0.00494385
0.0492554 -0.0134888 -0.00402832
0.0445557 -0.0121460 -0.00317383
0.0399780 -0.0122681 -0.00195312
0.0365601 -0.0129395 -0.000610352
0.0323486 -0.0135498 0.000976562
0.0291138 -0.0154419 0.00195312
0.0263062 -0.0159302 0.00347900
0.0234985 -0.0143433 0.00445557
0.0210571 -0.0128174 0.00537109
0.0183105 -0.00982666 0.00604248
0.0163574 -0.00708008 0.00640869
0.0132446 -0.00354004 0.00744629
0.0109253 -0.000305176 0.00836182
0.00921631 -0.0126953 0.00671387
-0.00823975 -0.0105591 0.00976562
-0.00463867 -0.0107422 0.00695801
0.00189209 -0.0151978 0.00335693
-0.00439453 -0.0143433 0.00366211
-0.00646973 -0.0105591 0.00305176
-0.00616455 -0.00683594 0.00146484
-0.00579834 -0.00506592 0.000427246
-0.00573730 -0.00354004 -0.000122070
-0.00604248 -0.000976562 0.000183105
-0.00555420 0.00146484 0.00000
-0.00500488 0.00189209 0.000183105
-0.00396729 0.00177002 0.000427246
-0.00250244 0.00115967 6.10352e-05
-0.000183105 0.000183105 -6.10352e-05
-6.10352e-05 -0.000976562 0.000244141
-0.000915527 -0.00244141 0.000793457
-0.00122070 -0.00219727 0.00115967
-0.000671387 -0.00274658 0.00170898
-0.000915527 -0.00329590 0.00256348
-0.00128174 -0.00402832 0.00341797
-0.00115967 -0.00451660 0.00354004
-0.000610352 -0.00537109 0.00347900
-0.000244141 -0.00543213 0.00354004
0.00000 -0.00598145 0.00292969
6.10352e-05 -0.00531006 0.00256348
0.000427246 -0.00488281 0.00231934
0.000671387 -0.00451660 0.00250244
0.000549316 -0.00445557 0.00250244
0.000366211 -0.00476074 0.00268555
0.000732422 -0.00463867 0.00256348
0.000793457 -0.00476074 0.00256348
0.000732422 -0.00500488 0.00256348
0.000549316 -0.00567627 0.00286865
0.000671387 -0.00610352 0.00299072
0.000305176 -0.00695801 0.00329590
0.000244141 -0.00769043 0.00372314
-0.000244141 -0.00781250 0.00402832
-0.000305176 -0.00787354 0.00433350
-0.000732422 -0.00769043 0.00451660
-0.000549316 -0.00683594 0.00427246
-0.000854492 -0.00634766 0.00396729
-0.000610352 -0.00543213 0.00323486
-0.00103760 -0.00488281 0.00274658
-0.000976562 -0.00402832 0.00244141
-0.00115967 -0.00354004 0.00225830
-0.00146484 -0.00299072 0.00201416
-0.00170898 -0.00262451 0.00213623
-0.00158691 -0.00256348 0.00201416
-0.00146484 -0.00280762 0.00177002
-0.00170898 -0.00323486 0.00158691
-0.00134277 -0.00329590 0.00103760
-0.00140381 -0.00378418 0.000732422
-0.00134277 -0.00341797 0.000183105
-0.00140381 -0.00317383 6.10352e-05
-0.00115967 -0.00335693 -0.000610352
-0.000976562 -0.00341797 -0.000610352
-0.000915527 -0.00360107 -0.000427246
-0.000488281 -0.00347900 -0.000793457
-0.000610352 -0.00366211 -0.000488281
-0.000427246 -0.00347900 -0.000305176
0.00000 -0.00396729 0.00000
-6.10352e-05 -0.00433350 0.000122070
-0.000488281 -0.00500488 0.000671387
-0.000610352 -0.00512695 0.000915527
-0.000244141 -0.00506592 0.00109863
-0.000549316 -0.00531006 0.00122070
-0.00103760 -0.00555420 0.00128174
-0.00109863 -0.00500488 0.00140381
-0.00134277 -0.00494385 0.00140381
-0.00183105 -0.00482178 0.00122070
-0.00195312 -0.00415039 0.00128174
-0.00177002 -0.00360107 0.00134277
-0.00183105 -0.00317383 0.00164795
-0.00207520 -0.00268555 0.00170898
-0.00207520 -0.00195312 0.00128174
-0.00231934 -0.00140381 0.00134277
-0.00280762 -0.00103760 0.000793457
-0.00262451 -0.000732422 0.000549316
-0.00311279 -0.000183105 0.000244141
-0.00372314 0.000183105 -0.000244141
-0.00421143 0.000183105 -0.000366211
-0.00427246 0.00000 -0.000976562
-0.00433350 0.000305176 -0.00146484
-0.00372314 -0.000366211 -0.00164795
-0.00335693 -0.000793457 -0.00195312
-0.00305176 -0.00158691 -0.00207520
-0.00329590 -0.00164795 -0.00225830
-0.00372314 -0.00177002 -0.00225830
-0.00433350 -0.000915527 -0.00219727
-0.00543213 0.000305176 -0.00213623
-0.00616455 0.000915527 -0.00225830
-0.00714111 0.00262451 -0.00286865
-0.00860596 0.00427246 -0.00323486
-0.00994873 0.00567627 -0.00384521
-0.0115967 0.00726318 -0.00457764
-0.0137329 0.00805664 -0.00488281
-0.0181885 0.00982666 -0.00451660
-0.0234375 0.0107422 -0.00372314
-0.0289917 0.0106812 -0.00256348
-0.0358887 0.0103149 -0.00109863
-0.0394897 0.0108032 -0.000122070
-0.0455322 0.00927734 0.000427246
-0.0520020 0.00585938 0.00164795
-0.0596924 0.00329590 0.00280762
-0.0658569 0.00299072 0.00402832
-0.0707397 0.00341797 0.00512695
-0.0742188 0.00506592 0.00567627
-0.0790405 0.00646973 0.00732422
-0.0846558 0.00769043 0.00927734
-0.0883179 0.00872803 0.0108032
-0.0922241 0.0100708 0.0118408
-0.0963745 0.0110474 0.0132446
-0.0994263 0.0112305 0.0141602
-0.104431 0.0108032 0.0159302
-0.107544 0.0101318 0.0162964
-0.111938 0.0105591 0.0169067
-0.115295 0.0123901 0.0166626
-0.118591 0.0140991 0.0166016
-0.122009 0.0170898 0.0159302
-0.126282 0.0202637 0.0156250
-0.130188 0.0221558 0.0159302
-0.135986 0.0234985 0.0158081
-0.142273 0.0241699 0.0167236
-0.148560 0.0256958 0.0176392
-0.153320 0.0279541 0.0191650
-0.157532 0.0284424 0.0206299
-0.161804 0.0272217 0.0217285
-0.167175 0.0234375 0.0227051
-0.169678 0.0198975 0.0225220
-0.170837 0.0138550 0.0219727
-0.171509 0.00866699 0.0216064
-0.171326 0.00408936 0.0213623
-0.171204 -0.00146484 0.0204468
-0.171448 -0.00610352 0.0203247
-0.171387 -0.0104980 0.0203247
-0.171265 -0.0145874 0.0202026
-0.170227 -0.0196533 0.0201416
-0.167358 -0.0220947 0.0205078
-0.165344 -0.0216675 0.0217285
-0.164062 -0.0192261 0.0227661
-0.161316 -0.0147705 0.0236206
-0.157776 -0.00921631 0.0238037
-0.154785 -0.00390625 0.0233765
-0.151855 0.00213623 0.0223999
-0.150269 0.00744629 0.0215454
-0.149231 0.00866699 0.0213013
-0.148071 0.0110474 0.0207520
-0.144104 0.0132446 0.0188599
-0.139954 0.0185547 0.0172729
-0.139954 0.0185547 0.0172729
-0.134460 0.0214233 0.0162354
-0.134460 0.0214233 0.0162354
-0.121155 0.0281982 0.0147705
-0.118408 0.0305786 0.0140991
-0.114624 0.0318604 0.0126343
-0.110535 0.0328979 0.0101929
-0.106873 0.0325928 0.00805664
-0.106873 0.0325928 0.00805664
-0.106873 0.0325928 0.00805664
-0.106873 0.0325928 0.00805664
-0.106873 0.0325928 0.00805664
-0.0761108 0.0312500 0.00457764
-0.0703735 0.0261230 0.00463867
-0.0649414 0.0189209 0.00439453
-0.0596924 0.0136719 0.00408936
-0.0596924 0.0136719 0.00408936
-0.0463867 0.00598145 0.00231934
-0.0394287 0.00244141 0.00195312
-0.0344238 0.000427246 0.00183105
-0.0285645 -0.000610352 0.00225830
-0.0244751 -0.000610352 0.00250244
-0.0214233 -0.000183105 0.00207520
-0.0176392 0.000305176 0.00189209
-0.0139160 0.000183105 0.00115967
-0.0111694 -0.00134277 0.000854492
-0.00891113 -0.00250244 0.000854492
-0.00634766 -0.00292969 0.00103760
-0.00354004 -0.00360107 0.000732422
0.000305176 -0.00335693 0.00109863
0.00262451 -0.00347900 0.000854492
0.00732422 -0.00421143 0.000244141
0.0125732 -0.00500488 0.000427246
0.0145874 -0.00622559 0.000366211
0.0171509 -0.00885010 0.000122070
0.0199585 -0.0102539 0.000488281
0.0230713 -0.00976562 0.000244141
0.0258179 -0.0101318 -0.000183105
0.0286865 -0.0119629 -0.000488281
0.0325317 -0.0140381 -0.000915527
0.0362549 -0.0153198 -0.00103760
0.0399780 -0.0149536 -0.000793457
0.0437012 -0.0141602 -0.00128174
0.0473633 -0.0144653 -0.00183105
0.0509033 -0.0120239 -0.00195312
0.0538330 -0.0152588 -0.00225830
0.0538330 -0.0152588 -0.00225830
0.0607910 -0.0176392 -0.00280762
0.0635986 -0.0189819 -0.00311279
0.0659790 -0.0178223 -0.00366211
0.0681152 -0.0145874 -0.00396729
0.0710449 -0.0137939 -0.00463867
0.0745239 -0.0136719 -0.00500488
0.0801392 -0.0161743 -0.00567627
0.0858765 -0.0203247 -0.00628662
0.0903320 -0.0254517 -0.00689697
0.0940552 -0.0343018 -0.00769043
0.0984497 -0.0419922 -0.00848389
0.101807 -0.0457153 -0.0101929
0.102600 -0.0460205 -0.0108643
0.104309 -0.0455933 -0.0118408
0.107117 -0.0416260 -0.0127563
0.111267 -0.0363159 -0.0133667
0.115295 -0.0330200 -0.0144043
0.119629 -0.0295410 -0.0156250
0.125610 -0.0255127 -0.0168457
0.131165 -0.0225220 -0.0183105
0.138367 -0.0194092 -0.0203247
0.145203 -0.0153809 -0.0212402
0.149841 -0.0127563 -0.0217285
0.153503 -0.0122070 -0.0220337
0.156250 -0.0126343 -0.0224609
0.156494 -0.0146484 -0.0222168
0.156799 -0.0155029 -0.0221558
0.155945 -0.0142212 -0.0227051
0.154602 -0.0128174 -0.0238037
0.151672 -0.0106201 -0.0250244
0.146973 -0.00897217 -0.0252686
0.143921 -0.00689697 -0.0257568
0.141785 -0.00500488 -0.0251465
0.140686 -0.00384521 -0.0241699
0.140564 -0.00280762 -0.0233765
0.140381 -0.00268555 -0.0220337
0.140808 -0.00347900 -0.0206299
0.140076 -0.00457764 -0.0200806
0.138794 -0.00677490 -0.0197754
0.138000 -0.00823975 -0.0194092
0.138000 -0.00823975 -0.0194092
0.134094 -0.00573730 -0.0179443
0.130798 -0.00335693 -0.0173950
0.127441 -0.00256348 -0.0167847
0.124756 -0.00323486 -0.0150757
0.121765 -0.00469971 -0.0140991
0.117371 -0.00708008 -0.0129395
0.113342 -0.00909424 -0.0123291
0.110901 -0.0108643 -0.0119629
0.106323 -0.0128174 -0.0111084
0.102722 -0.0155029 -0.0109863
0.0999146 -0.0175171 -0.0107422
0.0973511 -0.0182495 -0.0104370
0.0921021 -0.0175781 -0.0102539
0.0878296 -0.0178833 -0.0101318
0.0834961 -0.0183105 -0.0100098
0.0800171 -0.0181885 -0.0100098
0.0754395 -0.0172119 -0.00933838
0.0709229 -0.0156250 -0.00885010
0.0683594 -0.0147095 -0.00848389
0.0650024 -0.0136719 -0.00793457
0.0621338 -0.0120850 -0.00750732
0.0593262 -0.0105591 -0.00689697
0.0562744 -0.00933838 -0.00640869
0.0519409 -0.00903320 -0.00579834
0.0482178 -0.00909424 -0.00531006
0.0437012 -0.00860596 -0.00445557
0.0408325 -0.00848389 -0.00360107
0.0362549 -0.00750732 -0.00268555
0.0305786 -0.00708008 -0.00140381
0.0266113 -0.00750732 -0.00128174
0.0215454 -0.00775146 -0.000610352
0.0173950 -0.00756836 0.000366211
0.0173950 -0.00756836 0.000366211
0.0120239 -0.00964355 0.000915527
0.00109863 -0.0194092 0.00482178
-0.00415039 -0.0111084 0.00494385
0.00000 -0.00689697 0.00244141
-0.000671387 -0.00927734 0.00201416
-0.00390625 -0.00738525 0.00354004
-0.00372314 -0.00427246 0.00274658
-0.00329590 -0.00360107 0.00189209
-0.00122070 -0.00427246 0.00103760
-0.000366211 -0.00347900 0.000488281
0.000488281 -0.00152588 0.000488281
0.00140381 0.000244141 0.000671387
0.00213623 0.00152588 0.000244141
0.00231934 0.00170898 0.000610352
0.00213623 0.00140381 0.000549316
0.00195312 0.00115967 0.000549316
0.00225830 0.00109863 6.10352e-05
0.00244141 -6.10352e-05 -0.000427246
0.00256348 -0.00134277 -0.000549316
0.00122070 -0.00201416 -0.000183105
0.000671387 -0.00274658 0.000488281
0.000610352 -0.00305176 0.000671387
0.000610352 -0.00335693 0.000671387
0.000427246 -0.00427246 0.000671387
0.000366211 -0.00427246 0.000305176
-0.000549316 -0.00421143 0.000427246
-0.000915527 -0.00372314 -6.10352e-05
-0.00128174 -0.00274658 -0.000183105
-0.00140381 -0.00158691 -6.10352e-05
-0.00140381 -0.00158691 -6.10352e-05
-0.00170898 -0.000427246 0.000305176
-0.00183105 -0.000915527 0.000366211
-0.00189209 -0.00195312 0.000610352
-0.00152588 -0.00280762 0.000671387
-0.00140381 -0.00390625 0.000793457
-0.00158691 -0.00457764 0.00103760
-0.00146484 -0.00555420 0.00122070
-0.00189209 -0.00598145 0.00128174
-0.00164795 -0.00622559 0.00146484
-0.00164795 -0.00585938 0.00158691
-0.00128174 -0.00518799 0.00183105
-0.000549316 -0.00457764 0.00170898
-0.000732422 -0.00396729 0.00164795
-0.000610352 -0.00408936 0.00152588
-0.000305176 -0.00439453 0.00146484
-0.000793457 -0.00427246 0.00128174
-0.000732422 -0.00463867 0.00122070
-0.000610352 -0.00451660 0.00109863
-0.000610352 -0.00463867 0.000793457
-0.000305176 -0.00549316 0.000488281
-6.10352e-05 -0.00476074 0.000366211
-6.10352e-05 -0.00463867 0.00000
-0.000488281 -0.00402832 -6.10352e-05
-0.000122070 -0.00384521 -0.000305176
6.10352e-05 -0.00329590 -0.000122070
6.10352e-05 -0.00286865 -0.000427246
0.000244141 -0.00292969 -0.000610352
0.000183105 -0.00311279 -0.000366211
-6.10352e-05 -0.00335693 -0.000427246
-6.10352e-05 -0.00335693 -0.000427246
-0.000305176 -0.00354004 -6.10352e-05
-0.000976562 -0.00317383 0.000122070
-0.00134277 -0.00335693 0.000183105
-0.00134277 -0.00335693 0.000183105
-0.00195312 -0.00305176 0.000671387
-0.00195312 -0.00323486 0.000732422
-0.00225830 -0.00341797 0.00115967
-0.00213623 -0.00390625 0.00103760
-0.00201416 -0.00372314 0.000915527
-0.00213623 -0.00360107 0.00122070
-0.00177002 -0.00360107 0.00122070
-0.00158691 -0.00396729 0.00115967
-0.00122070 -0.00378418 0.00122070
-0.00134277 -0.00415039 0.00122070
-0.00115967 -0.00372314 0.000915527
-0.00103760 -0.00378418 0.000488281
-0.000976562 -0.00378418 0.000732422
-0.000976562 -0.00415039 0.000549316
-0.00103760 -0.00329590 0.000366211
-0.000732422 -0.00329590 0.000488281
-0.00109863 -0.00262451 0.000549316
-0.00103760 -0.00256348 0.000183105
-0.00134277 -0.00305176 0.000366211
-0.00134277 -0.00323486 0.000183105
-0.00146484 -0.00299072 6.10352e-05
-0.00158691 -0.00311279 -0.000183105
-0.00189209 -0.00335693 0.000305176
-0.00189209 -0.00329590 0.000427246
-0.00164795 -0.00317383 0.000305176
-0.00164795 -0.00317383 0.000305176
-0.00164795 -0.00354004 0.000610352
