0.126526 0.0360107 -0.375854
0.126526 0.0360107 -0.375854
0.126404 0.0360718 -0.376221
0.126404 0.0360718 -0.376221
0.126404 0.0360718 -0.376221
0.126404 0.0360718 -0.376221
0.126404 0.0360718 -0.376221
0.126099 0.0338745 -0.372681
0.126099 0.0338745 -0.372681
0.126099 0.0338745 -0.372681
0.126099 0.0338745 -0.372681
0.126099 0.0338745 -0.372681
0.126404 0.0340576 -0.372375
0.126404 0.0340576 -0.372375
0.126404 0.0340576 -0.372375
0.126404 0.0340576 -0.372375
0.126404 0.0340576 -0.372375
0.126587 0.0352173 -0.375854
0.126587 0.0352173 -0.375854
0.126587 0.0352173 -0.375854
0.126587 0.0352173 -0.375854
0.126587 0.0352173 -0.375854
0.125916 0.0347290 -0.377808
0.125916 0.0347290 -0.377808
0.125916 0.0347290 -0.377808
0.125916 0.0347290 -0.377808
0.125916 0.0347290 -0.377808
0.126099 0.0344238 -0.374268
0.126099 0.0344238 -0.374268
0.126099 0.0344238 -0.374268
0.126099 0.0344238 -0.374268
0.126099 0.0344238 -0.374268
0.127808 0.0330811 -0.375732
0.127808 0.0330811 -0.375732
0.127808 0.0330811 -0.375732
0.127808 0.0330811 -0.375732
0.127808 0.0330811 -0.375732
0.128967 0.0327759 -0.374146
0.128967 0.0327759 -0.374146
0.128967 0.0327759 -0.374146
0.128967 0.0327759 -0.374146
0.128967 0.0327759 -0.374146
0.126587 0.0330811 -0.375244
0.126587 0.0330811 -0.375244
0.126587 0.0330811 -0.375244
0.126587 0.0330811 -0.375244
0.126587 0.0330811 -0.375244
0.126587 0.0330811 -0.375244
0.128845 0.0313721 -0.373840
0.128845 0.0313721 -0.373840
0.128845 0.0313721 -0.373840
0.128845 0.0313721 -0.373840
0.128845 0.0313721 -0.373840
0.125122 0.0319214 -0.374573
0.125122 0.0319214 -0.374573
0.125122 0.0319214 -0.374573
0.125122 0.0319214 -0.374573
0.125122 0.0319214 -0.374573
0.127502 0.0328369 -0.374573
0.127502 0.0328369 -0.374573
0.127502 0.0328369 -0.374573
0.127502 0.0328369 -0.374573
0.127502 0.0328369 -0.374573
0.127319 0.0319214 -0.374451
0.127319 0.0319214 -0.374451
0.127319 0.0319214 -0.374451
0.127319 0.0319214 -0.374451
0.127319 0.0319214 -0.374451
0.123840 0.0317383 -0.374023
0.123840 0.0317383 -0.374023
0.123840 0.0317383 -0.374023
0.123840 0.0317383 -0.374023
0.123840 0.0317383 -0.374023
0.127258 0.0322266 -0.373352
0.127258 0.0322266 -0.373352
0.127258 0.0322266 -0.373352
0.127258 0.0322266 -0.373352
0.127258 0.0322266 -0.373352
0.128174 0.0324097 -0.374756
0.128174 0.0324097 -0.374756
0.128174 0.0324097 -0.374756
0.128174 0.0324097 -0.374756
0.128174 0.0324097 -0.374756
0.127258 0.0353394 -0.372864
0.127258 0.0353394 -0.372864
0.127258 0.0353394 -0.372864
0.127258 0.0353394 -0.372864
0.127258 0.0353394 -0.372864
0.127747 0.0341797 -0.374817
0.127747 0.0341797 -0.374817
0.127747 0.0341797 -0.374817
0.127747 0.0341797 -0.374817
0.127747 0.0341797 -0.374817
0.126160 0.0314331 -0.374268
0.126160 0.0314331 -0.374268
0.126160 0.0314331 -0.374268
0.126160 0.0314331 -0.374268
0.126160 0.0314331 -0.374268
0.126038 0.0314331 -0.373596
0.126038 0.0314331 -0.373596
0.126038 0.0314331 -0.373596
0.126038 0.0314331 -0.373596
0.126038 0.0314331 -0.373596
0.125610 0.0349121 -0.371582
0.125610 0.0349121 -0.371582
0.125610 0.0349121 -0.371582
0.125610 0.0349121 -0.371582
0.125610 0.0349121 -0.371582
0.126221 0.0322876 -0.369019
0.126221 0.0322876 -0.369019
0.126221 0.0322876 -0.369019
0.126221 0.0322876 -0.369019
0.126221 0.0322876 -0.369019
0.127808 0.0338135 -0.375122
0.127808 0.0338135 -0.375122
0.127808 0.0338135 -0.375122
0.127808 0.0338135 -0.375122
0.127808 0.0338135 -0.375122
0.128052 0.0349731 -0.375183
0.128052 0.0349731 -0.375183
0.128052 0.0349731 -0.375183
0.128052 0.0349731 -0.375183
0.128052 0.0349731 -0.375183
0.127563 0.0347290 -0.378662
0.127563 0.0347290 -0.378662
0.127563 0.0347290 -0.378662
0.127563 0.0347290 -0.378662
0.127563 0.0347290 -0.378662
0.127380 0.0339355 -0.375244
0.127380 0.0339355 -0.375244
0.127380 0.0339355 -0.375244
0.127380 0.0339355 -0.375244
0.127380 0.0339355 -0.375244
0.126160 0.0336304 -0.380249
0.126160 0.0336304 -0.380249
0.126160 0.0336304 -0.380249
0.126160 0.0336304 -0.380249
0.126160 0.0336304 -0.380249
0.126160 0.0336304 -0.380249
0.129089 0.0337524 -0.379456
0.129089 0.0337524 -0.379456
0.129089 0.0337524 -0.379456
0.129089 0.0337524 -0.379456
0.125916 0.0335083 -0.374939
0.125916 0.0335083 -0.374939
0.125916 0.0335083 -0.374939
0.125916 0.0335083 -0.374939
0.125916 0.0335083 -0.374939
0.125916 0.0335083 -0.374939
0.128845 0.0321045 -0.376221
0.128845 0.0321045 -0.376221
0.128845 0.0321045 -0.376221
0.128845 0.0321045 -0.376221
0.128235 0.0355835 -0.377869
0.128235 0.0355835 -0.377869
0.128235 0.0355835 -0.377869
0.128235 0.0355835 -0.377869
0.128235 0.0355835 -0.377869
0.127747 0.0367432 -0.376709
0.127747 0.0367432 -0.376709
0.127747 0.0367432 -0.376709
0.127747 0.0367432 -0.376709
0.127747 0.0367432 -0.376709
0.126831 0.0360718 -0.376404
0.126831 0.0360718 -0.376404
0.126831 0.0360718 -0.376404
0.126831 0.0360718 -0.376404
0.126831 0.0360718 -0.376404
0.128845 0.0340576 -0.376038
0.128845 0.0340576 -0.376038
0.128845 0.0340576 -0.376038
0.128845 0.0340576 -0.376038
0.128845 0.0340576 -0.376038
0.126892 0.0339966 -0.372620
0.126892 0.0339966 -0.372620
0.126892 0.0339966 -0.372620
0.126892 0.0339966 -0.372620
0.126892 0.0339966 -0.372620
0.128906 0.0344238 -0.373474
0.128906 0.0344238 -0.373474
0.128906 0.0344238 -0.373474
0.128906 0.0344238 -0.373474
0.128906 0.0344238 -0.373474
0.128235 0.0349121 -0.373169
0.128235 0.0349121 -0.373169
0.128235 0.0349121 -0.373169
0.128235 0.0349121 -0.373169
0.128235 0.0349121 -0.373169
0.128845 0.0339966 -0.377869
0.128845 0.0339966 -0.377869
0.128845 0.0339966 -0.377869
0.128845 0.0339966 -0.377869
0.128845 0.0339966 -0.377869
0.127197 0.0335083 -0.370483
0.127197 0.0335083 -0.370483
0.127197 0.0335083 -0.370483
0.127197 0.0335083 -0.370483
0.127197 0.0335083 -0.370483
0.126404 0.0302124 -0.374817
0.126404 0.0302124 -0.374817
0.126404 0.0302124 -0.374817
0.126404 0.0302124 -0.374817
0.126404 0.0302124 -0.374817
0.128906 0.0329590 -0.370728
0.128906 0.0329590 -0.370728
0.128906 0.0329590 -0.370728
0.128906 0.0329590 -0.370728
0.128906 0.0329590 -0.370728
0.126343 0.0290527 -0.372864
0.126343 0.0290527 -0.372864
0.126343 0.0290527 -0.372864
0.126343 0.0290527 -0.372864
0.126343 0.0290527 -0.372864
0.126038 0.0322266 -0.374390
0.126038 0.0322266 -0.374390
0.126038 0.0322266 -0.374390
0.126038 0.0322266 -0.374390
0.126038 0.0322266 -0.374390
0.125488 0.0296021 -0.374451
0.125488 0.0296021 -0.374451
0.125488 0.0296021 -0.374451
0.125488 0.0296021 -0.374451
0.125488 0.0296021 -0.374451
0.126953 0.0271606 -0.379272
0.126953 0.0271606 -0.379272
0.126953 0.0271606 -0.379272
0.126953 0.0271606 -0.379272
0.126953 0.0271606 -0.379272
0.127197 0.0300293 -0.376831
0.127197 0.0300293 -0.376831
0.127197 0.0300293 -0.376831
0.127197 0.0300293 -0.376831
0.127197 0.0300293 -0.376831
0.127747 0.0320435 -0.375366
0.127747 0.0320435 -0.375366
0.127747 0.0320435 -0.375366
0.127747 0.0320435 -0.375366
0.127747 0.0320435 -0.375366
0.127747 0.0320435 -0.375366
0.125977 0.0307617 -0.376160
0.125977 0.0307617 -0.376160
0.125977 0.0307617 -0.376160
0.125977 0.0307617 -0.376160
0.128357 0.0330811 -0.373718
0.128357 0.0330811 -0.373718
0.128357 0.0330811 -0.373718
0.128357 0.0330811 -0.373718
0.128357 0.0330811 -0.373718
0.127930 0.0321655 -0.378662
0.127930 0.0321655 -0.378662
0.127930 0.0321655 -0.378662
0.127930 0.0321655 -0.378662
0.127930 0.0321655 -0.378662
0.127380 0.0327759 -0.377319
0.127380 0.0327759 -0.377319
0.127380 0.0327759 -0.377319
0.127380 0.0327759 -0.377319
0.127380 0.0327759 -0.377319
0.127197 0.0307617 -0.375000
0.127197 0.0307617 -0.375000
0.127197 0.0307617 -0.375000
0.127197 0.0307617 -0.375000
0.127197 0.0307617 -0.375000
0.127197 0.0307617 -0.375000
0.127441 0.0327148 -0.371155
0.127441 0.0327148 -0.371155
0.127441 0.0327148 -0.371155
0.127441 0.0327148 -0.371155
0.127747 0.0269775 -0.375183
0.127747 0.0269775 -0.375183
0.127747 0.0269775 -0.375183
0.127747 0.0269775 -0.375183
0.127747 0.0269775 -0.375183
0.126099 0.0321045 -0.375549
0.126099 0.0321045 -0.375549
0.126099 0.0321045 -0.375549
0.126099 0.0321045 -0.375549
0.126099 0.0321045 -0.375549
0.127991 0.0357056 -0.370239
0.127991 0.0357056 -0.370239
0.127991 0.0357056 -0.370239
0.127991 0.0357056 -0.370239
0.127991 0.0357056 -0.370239
0.124939 0.0345459 -0.373718
0.124939 0.0345459 -0.373718
0.124939 0.0345459 -0.373718
0.124939 0.0345459 -0.373718
0.124939 0.0345459 -0.373718
0.126831 0.0335693 -0.373962
0.126831 0.0335693 -0.373962
0.126831 0.0335693 -0.373962
0.126831 0.0335693 -0.373962
0.126831 0.0335693 -0.373962
0.127502 0.0281372 -0.372681
0.127502 0.0281372 -0.372681
0.127502 0.0281372 -0.372681
0.127502 0.0281372 -0.372681
0.127502 0.0281372 -0.372681
0.124268 0.0354614 -0.372864
0.124268 0.0354614 -0.372864
0.124268 0.0354614 -0.372864
0.124268 0.0354614 -0.372864
0.124268 0.0354614 -0.372864
0.125732 0.0346680 -0.377014
0.125732 0.0346680 -0.377014
0.125732 0.0346680 -0.377014
0.125732 0.0346680 -0.377014
0.125732 0.0346680 -0.377014
0.126648 0.0352783 -0.375732
0.126648 0.0352783 -0.375732
0.126648 0.0352783 -0.375732
0.126648 0.0352783 -0.375732
0.126648 0.0352783 -0.375732
0.127441 0.0314941 -0.377319
0.127441 0.0314941 -0.377319
0.127441 0.0314941 -0.377319
0.127441 0.0314941 -0.377319
0.127441 0.0314941 -0.377319
0.127441 0.0314941 -0.377319
0.126465 0.0334473 -0.375854
0.126465 0.0334473 -0.375854
0.126465 0.0334473 -0.375854
0.126465 0.0334473 -0.375854
0.126038 0.0327148 -0.377502
0.126038 0.0327148 -0.377502
0.126038 0.0327148 -0.377502
0.126038 0.0327148 -0.377502
0.126038 0.0327148 -0.377502
0.126160 0.0333862 -0.378967
0.126160 0.0333862 -0.378967
0.126160 0.0333862 -0.378967
0.126160 0.0333862 -0.378967
0.126160 0.0333862 -0.378967
0.125244 0.0335693 -0.378723
0.125244 0.0335693 -0.378723
0.125244 0.0335693 -0.378723
0.125244 0.0335693 -0.378723
0.125244 0.0335693 -0.378723
0.124146 0.0327759 -0.382019
0.124146 0.0327759 -0.382019
0.124146 0.0327759 -0.382019
0.124146 0.0327759 -0.382019
0.124146 0.0327759 -0.382019
0.125549 0.0330811 -0.374817
0.125549 0.0330811 -0.374817
0.125549 0.0330811 -0.374817
0.125549 0.0330811 -0.374817
0.125549 0.0330811 -0.374817
0.124695 0.0318604 -0.376892
0.124695 0.0318604 -0.376892
0.124695 0.0318604 -0.376892
0.124695 0.0318604 -0.376892
0.124695 0.0318604 -0.376892
0.126709 0.0334473 -0.374878
0.126709 0.0334473 -0.374878
0.126709 0.0334473 -0.374878
0.126709 0.0334473 -0.374878
0.126709 0.0334473 -0.374878
0.127441 0.0328369 -0.375610
0.127441 0.0328369 -0.375610
0.127441 0.0328369 -0.375610
0.127441 0.0328369 -0.375610
0.127441 0.0328369 -0.375610
0.127441 0.0328369 -0.375610
0.127563 0.0322876 -0.376526
0.127563 0.0322876 -0.376526
0.127563 0.0322876 -0.376526
0.127563 0.0322876 -0.376526
0.126648 0.0346069 -0.374329
0.126648 0.0346069 -0.374329
0.126648 0.0346069 -0.374329
0.126648 0.0346069 -0.374329
0.126648 0.0346069 -0.374329
0.126648 0.0346069 -0.374329
0.126831 0.0354614 -0.377686
0.126831 0.0354614 -0.377686
0.126831 0.0354614 -0.377686
0.126831 0.0354614 -0.377686
0.125549 0.0355835 -0.374023
0.125549 0.0355835 -0.374023
0.125549 0.0355835 -0.374023
0.125549 0.0355835 -0.374023
0.125549 0.0355835 -0.374023
0.126892 0.0321045 -0.373718
0.126892 0.0321045 -0.373718
0.126892 0.0321045 -0.373718
0.126892 0.0321045 -0.373718
0.126892 0.0321045 -0.373718
0.126465 0.0324707 -0.373291
0.126465 0.0324707 -0.373291
0.126465 0.0324707 -0.373291
0.126465 0.0324707 -0.373291
0.126465 0.0324707 -0.373291
0.125122 0.0339355 -0.375488
0.125122 0.0339355 -0.375488
0.125122 0.0339355 -0.375488
0.125122 0.0339355 -0.375488
0.125122 0.0339355 -0.375488
0.126709 0.0338135 -0.372192
0.126709 0.0338135 -0.372192
0.126709 0.0338135 -0.372192
0.126709 0.0338135 -0.372192
0.126709 0.0338135 -0.372192
0.127991 0.0333252 -0.375122
0.127991 0.0333252 -0.375122
0.127991 0.0333252 -0.375122
0.127991 0.0333252 -0.375122
0.127991 0.0333252 -0.375122
0.127991 0.0333252 -0.375122
0.129944 0.0344238 -0.370972
0.129944 0.0344238 -0.370972
0.129944 0.0344238 -0.370972
0.129944 0.0344238 -0.370972
0.128296 0.0316162 -0.374634
0.128296 0.0316162 -0.374634
0.128296 0.0316162 -0.374634
0.128296 0.0316162 -0.374634
0.128296 0.0316162 -0.374634
0.126831 0.0306396 -0.375366
0.126831 0.0306396 -0.375366
0.126831 0.0306396 -0.375366
0.126831 0.0306396 -0.375366
0.126831 0.0306396 -0.375366
0.128906 0.0341187 -0.380432
0.128906 0.0341187 -0.380432
0.128906 0.0341187 -0.380432
0.128906 0.0341187 -0.380432
0.128906 0.0341187 -0.380432
0.128906 0.0341187 -0.380432
0.126892 0.0346680 -0.377258
0.126892 0.0346680 -0.377258
0.126892 0.0346680 -0.377258
0.126892 0.0346680 -0.377258
0.126892 0.0346680 -0.377258
0.130493 0.0336304 -0.373230
0.130493 0.0336304 -0.373230
0.130493 0.0336304 -0.373230
0.130493 0.0336304 -0.373230
0.130493 0.0336304 -0.373230
0.127136 0.0346680 -0.370728
0.127136 0.0346680 -0.370728
0.127136 0.0346680 -0.370728
0.127136 0.0346680 -0.370728
0.127136 0.0346680 -0.370728
0.126953 0.0346680 -0.373535
0.126953 0.0346680 -0.373535
0.126953 0.0346680 -0.373535
0.126953 0.0346680 -0.373535
0.126953 0.0346680 -0.373535
0.127014 0.0352783 -0.376831
0.127014 0.0352783 -0.376831
0.127014 0.0352783 -0.376831
0.127014 0.0352783 -0.376831
0.127014 0.0352783 -0.376831
0.127563 0.0343018 -0.374329
0.127563 0.0343018 -0.374329
0.127563 0.0343018 -0.374329
0.127563 0.0343018 -0.374329
0.127563 0.0343018 -0.374329
0.124939 0.0344849 -0.374084
0.124939 0.0344849 -0.374084
0.124939 0.0344849 -0.374084
0.124939 0.0344849 -0.374084
0.124939 0.0344849 -0.374084
0.128601 0.0360107 -0.373596
0.128601 0.0360107 -0.373596
0.128601 0.0360107 -0.373596
0.128601 0.0360107 -0.373596
0.128601 0.0360107 -0.373596
0.126099 0.0326538 -0.371033
0.126099 0.0326538 -0.371033
0.126099 0.0326538 -0.371033
0.126099 0.0326538 -0.371033
0.126099 0.0326538 -0.371033
0.126587 0.0320435 -0.373169
0.126587 0.0320435 -0.373169
0.126587 0.0320435 -0.373169
0.126587 0.0320435 -0.373169
0.126587 0.0320435 -0.373169
0.125183 0.0326538 -0.374084
0.125183 0.0326538 -0.374084
0.125183 0.0326538 -0.374084
0.125183 0.0326538 -0.374084
0.125183 0.0326538 -0.374084
0.127808 0.0328979 -0.374939
0.127808 0.0328979 -0.374939
0.127808 0.0328979 -0.374939
0.127808 0.0328979 -0.374939
0.127808 0.0328979 -0.374939
0.126465 0.0317383 -0.372314
0.126465 0.0317383 -0.372314
0.126465 0.0317383 -0.372314
0.126465 0.0317383 -0.372314
0.126465 0.0317383 -0.372314
0.128052 0.0328979 -0.371765
0.128052 0.0328979 -0.371765
0.128052 0.0328979 -0.371765
0.128052 0.0328979 -0.371765
0.128052 0.0328979 -0.371765
0.127869 0.0347900 -0.372620
0.127869 0.0347900 -0.372620
0.127869 0.0347900 -0.372620
0.127869 0.0347900 -0.372620
0.127869 0.0347900 -0.372620
0.129944 0.0348511 -0.372559
0.129944 0.0348511 -0.372559
0.129944 0.0348511 -0.372559
0.129944 0.0348511 -0.372559
0.129944 0.0348511 -0.372559
0.127747 0.0347900 -0.373169
0.127747 0.0347900 -0.373169
0.127747 0.0347900 -0.373169
0.127747 0.0347900 -0.373169
0.127747 0.0347900 -0.373169
0.129333 0.0342407 -0.373169
0.129333 0.0342407 -0.373169
0.129333 0.0342407 -0.373169
0.129333 0.0342407 -0.373169
0.129333 0.0342407 -0.373169
0.129517 0.0336914 -0.370544
0.129517 0.0336914 -0.370544
0.129517 0.0336914 -0.370544
0.129517 0.0336914 -0.370544
0.129517 0.0336914 -0.370544
0.130920 0.0357666 -0.375000
0.130920 0.0357666 -0.375000
0.130920 0.0357666 -0.375000
0.130920 0.0357666 -0.375000
0.130920 0.0357666 -0.375000
0.130920 0.0357666 -0.375000
0.130737 0.0353394 -0.369629
0.130737 0.0353394 -0.369629
0.130737 0.0353394 -0.369629
0.130737 0.0353394 -0.369629
0.128845 0.0318604 -0.373047
0.128845 0.0318604 -0.373047
0.128845 0.0318604 -0.373047
0.128845 0.0318604 -0.373047
0.128845 0.0318604 -0.373047
0.128784 0.0340576 -0.370544
0.128784 0.0340576 -0.370544
0.128784 0.0340576 -0.370544
0.128784 0.0340576 -0.370544
0.128784 0.0340576 -0.370544
0.129272 0.0344238 -0.373840
0.129272 0.0344238 -0.373840
0.129272 0.0344238 -0.373840
0.129272 0.0344238 -0.373840
0.129272 0.0344238 -0.373840
0.130127 0.0342407 -0.373901
0.130127 0.0342407 -0.373901
0.130127 0.0342407 -0.373901
0.130127 0.0342407 -0.373901
0.130127 0.0342407 -0.373901
0.128357 0.0341187 -0.374634
0.128357 0.0341187 -0.374634
0.128357 0.0341187 -0.374634
0.128357 0.0341187 -0.374634
0.128357 0.0341187 -0.374634
0.129395 0.0320435 -0.374268
0.129395 0.0320435 -0.374268
0.129395 0.0320435 -0.374268
0.129395 0.0320435 -0.374268
0.129395 0.0320435 -0.374268
0.127014 0.0328369 -0.375549
0.127014 0.0328369 -0.375549
0.127014 0.0328369 -0.375549
0.127014 0.0328369 -0.375549
0.127014 0.0328369 -0.375549
0.129517 0.0347900 -0.373596
0.129517 0.0347900 -0.373596
0.129517 0.0347900 -0.373596
0.129517 0.0347900 -0.373596
0.129517 0.0347900 -0.373596
0.128662 0.0361938 -0.375305
0.128662 0.0361938 -0.375305
0.128662 0.0361938 -0.375305
0.128662 0.0361938 -0.375305
0.128662 0.0361938 -0.375305
0.129028 0.0356445 -0.372925
0.129028 0.0356445 -0.372925
0.129028 0.0356445 -0.372925
0.129028 0.0356445 -0.372925
0.129028 0.0356445 -0.372925
0.127136 0.0325317 -0.373657
0.127136 0.0325317 -0.373657
0.127136 0.0325317 -0.373657
0.127136 0.0325317 -0.373657
0.127136 0.0325317 -0.373657
0.126831 0.0350342 -0.371216
0.126831 0.0350342 -0.371216
0.126831 0.0350342 -0.371216
0.126831 0.0350342 -0.371216
0.126831 0.0350342 -0.371216
0.130249 0.0316772 -0.375366
0.130249 0.0316772 -0.375366
0.130249 0.0316772 -0.375366
0.130249 0.0316772 -0.375366
0.130249 0.0316772 -0.375366
0.130249 0.0316772 -0.375366
0.129150 0.0281982 -0.373535
0.129150 0.0281982 -0.373535
0.129150 0.0281982 -0.373535
0.129150 0.0281982 -0.373535
0.129272 0.0289307 -0.375854
0.129272 0.0289307 -0.375854
0.129272 0.0289307 -0.375854
0.129272 0.0289307 -0.375854
0.129272 0.0289307 -0.375854
0.128479 0.0299072 -0.371216
0.128479 0.0299072 -0.371216
0.128479 0.0299072 -0.371216
0.128479 0.0299072 -0.371216
0.128479 0.0299072 -0.371216
0.130371 0.0316162 -0.372559
0.130371 0.0316162 -0.372559
0.130371 0.0316162 -0.372559
0.130371 0.0316162 -0.372559
0.130371 0.0316162 -0.372559
0.127380 0.0325928 -0.373413
0.127380 0.0325928 -0.373413
0.127380 0.0325928 -0.373413
0.127380 0.0325928 -0.373413
0.127380 0.0325928 -0.373413
0.127930 0.0328369 -0.374939
0.127930 0.0328369 -0.374939
0.127930 0.0328369 -0.374939
0.127930 0.0328369 -0.374939
0.127930 0.0328369 -0.374939
0.127930 0.0328369 -0.374939
0.129761 0.0321045 -0.372314
0.129761 0.0321045 -0.372314
0.129761 0.0321045 -0.372314
0.129761 0.0321045 -0.372314
0.129761 0.0338135 -0.373413
0.129761 0.0338135 -0.373413
0.129761 0.0338135 -0.373413
0.129761 0.0338135 -0.373413
0.129761 0.0338135 -0.373413
0.127502 0.0300903 -0.375793
0.127502 0.0300903 -0.375793
0.127502 0.0300903 -0.375793
0.127502 0.0300903 -0.375793
0.127502 0.0300903 -0.375793
0.128723 0.0351562 -0.375793
0.128723 0.0351562 -0.375793
0.128723 0.0351562 -0.375793
0.128723 0.0351562 -0.375793
0.128723 0.0351562 -0.375793
0.131287 0.0338135 -0.375671
0.131287 0.0338135 -0.375671
0.131287 0.0338135 -0.375671
0.131287 0.0338135 -0.375671
0.131287 0.0338135 -0.375671
0.130310 0.0330200 -0.373840
0.130310 0.0330200 -0.373840
0.130310 0.0330200 -0.373840
0.130310 0.0330200 -0.373840
0.130310 0.0330200 -0.373840
0.127930 0.0354614 -0.374268
0.127930 0.0354614 -0.374268
0.127930 0.0354614 -0.374268
0.127930 0.0354614 -0.374268
0.127930 0.0354614 -0.374268
0.127625 0.0358276 -0.378540
0.127625 0.0358276 -0.378540
0.127625 0.0358276 -0.378540
0.127625 0.0358276 -0.378540
0.127625 0.0358276 -0.378540
0.127502 0.0349731 -0.374939
0.127502 0.0349731 -0.374939
0.127502 0.0349731 -0.374939
0.127502 0.0349731 -0.374939
0.127502 0.0349731 -0.374939
0.128967 0.0335083 -0.371887
0.128967 0.0335083 -0.371887
0.128967 0.0335083 -0.371887
0.128967 0.0335083 -0.371887
0.128967 0.0335083 -0.371887
0.128723 0.0314941 -0.375671
0.128723 0.0314941 -0.375671
0.128723 0.0314941 -0.375671
0.128723 0.0314941 -0.375671
0.128723 0.0314941 -0.375671
0.128052 0.0339355 -0.375916
0.128052 0.0339355 -0.375916
0.128052 0.0339355 -0.375916
0.128052 0.0339355 -0.375916
0.128052 0.0339355 -0.375916
0.126953 0.0315552 -0.371338
0.126953 0.0315552 -0.371338
0.126953 0.0315552 -0.371338
0.126953 0.0315552 -0.371338
0.126953 0.0315552 -0.371338
0.127197 0.0313110 -0.374817
0.127197 0.0313110 -0.374817
0.127197 0.0313110 -0.374817
0.127197 0.0313110 -0.374817
0.127197 0.0313110 -0.374817
0.127502 0.0324097 -0.375977
0.127502 0.0324097 -0.375977
0.127502 0.0324097 -0.375977
0.127502 0.0324097 -0.375977
0.127502 0.0324097 -0.375977
0.129211 0.0338135 -0.370117
0.129211 0.0338135 -0.370117
0.129211 0.0338135 -0.370117
0.129211 0.0338135 -0.370117
0.129211 0.0338135 -0.370117
0.126770 0.0305786 -0.373230
0.126770 0.0305786 -0.373230
0.126770 0.0305786 -0.373230
0.126770 0.0305786 -0.373230
0.126770 0.0305786 -0.373230
0.125244 0.0317383 -0.372131
0.125244 0.0317383 -0.372131
0.125244 0.0317383 -0.372131
0.125244 0.0317383 -0.372131
0.125244 0.0317383 -0.372131
0.128906 0.0314941 -0.373535
0.128906 0.0314941 -0.373535
0.128906 0.0314941 -0.373535
0.128906 0.0314941 -0.373535
0.128906 0.0314941 -0.373535
0.128479 0.0338135 -0.372314
0.128479 0.0338135 -0.372314
0.128479 0.0338135 -0.372314
0.128479 0.0338135 -0.372314
0.128479 0.0338135 -0.372314
0.124451 0.0327148 -0.370605
0.124451 0.0327148 -0.370605
0.124451 0.0327148 -0.370605
0.124451 0.0327148 -0.370605
0.124451 0.0327148 -0.370605
0.126282 0.0336304 -0.372253
0.126282 0.0336304 -0.372253
0.126282 0.0336304 -0.372253
0.126282 0.0336304 -0.372253
0.126282 0.0336304 -0.372253
0.127197 0.0317993 -0.372070
0.127197 0.0317993 -0.372070
0.127197 0.0317993 -0.372070
0.127197 0.0317993 -0.372070
0.127197 0.0317993 -0.372070
0.126648 0.0319824 -0.374451
0.126648 0.0319824 -0.374451
0.126648 0.0319824 -0.374451
0.126648 0.0319824 -0.374451
0.126648 0.0319824 -0.374451
0.129883 0.0337524 -0.374084
0.129883 0.0337524 -0.374084
0.129883 0.0337524 -0.374084
0.129883 0.0337524 -0.374084
0.129883 0.0337524 -0.374084
0.128479 0.0326538 -0.374756
0.128479 0.0326538 -0.374756
0.128479 0.0326538 -0.374756
0.128479 0.0326538 -0.374756
0.128479 0.0326538 -0.374756
0.127747 0.0335693 -0.372620
0.127747 0.0335693 -0.372620
0.127747 0.0335693 -0.372620
0.127747 0.0335693 -0.372620
0.127747 0.0335693 -0.372620
0.128479 0.0332642 -0.377075
0.128479 0.0332642 -0.377075
0.128479 0.0332642 -0.377075
0.128479 0.0332642 -0.377075
0.128479 0.0332642 -0.377075
0.128845 0.0260010 -0.373108
0.128845 0.0260010 -0.373108
0.128845 0.0260010 -0.373108
0.128845 0.0260010 -0.373108
0.128845 0.0260010 -0.373108
0.129150 0.0311890 -0.373779
0.129150 0.0311890 -0.373779
0.129150 0.0311890 -0.373779
0.129150 0.0311890 -0.373779
0.129150 0.0311890 -0.373779
0.127991 0.0331421 -0.372864
0.127991 0.0331421 -0.372864
0.127991 0.0331421 -0.372864
0.127991 0.0331421 -0.372864
0.127991 0.0331421 -0.372864
0.128113 0.0305786 -0.373352
0.128113 0.0305786 -0.373352
0.128113 0.0305786 -0.373352
0.128113 0.0305786 -0.373352
0.128113 0.0305786 -0.373352
0.128235 0.0338745 -0.370911
0.128235 0.0338745 -0.370911
0.128235 0.0338745 -0.370911
0.128235 0.0338745 -0.370911
0.128235 0.0338745 -0.370911
0.125977 0.0370483 -0.374268
0.125977 0.0370483 -0.374268
0.125977 0.0370483 -0.374268
0.125977 0.0370483 -0.374268
0.125977 0.0370483 -0.374268
0.128601 0.0329590 -0.374084
0.128601 0.0329590 -0.374084
0.128601 0.0329590 -0.374084
0.128601 0.0329590 -0.374084
0.128601 0.0329590 -0.374084
0.127625 0.0347900 -0.372742
0.127625 0.0347900 -0.372742
0.127625 0.0347900 -0.372742
0.127625 0.0347900 -0.372742
0.127625 0.0347900 -0.372742
0.129089 0.0324097 -0.370361
0.129089 0.0324097 -0.370361
0.129089 0.0324097 -0.370361
0.129089 0.0324097 -0.370361
0.129089 0.0324097 -0.370361
0.129211 0.0317383 -0.370972
0.129211 0.0317383 -0.370972
0.129211 0.0317383 -0.370972
0.129211 0.0317383 -0.370972
0.129211 0.0317383 -0.370972
0.126648 0.0350952 -0.375671
0.126648 0.0350952 -0.375671
0.126648 0.0350952 -0.375671
0.126648 0.0350952 -0.375671
0.126648 0.0350952 -0.375671
0.126648 0.0350952 -0.375671
0.127502 0.0355835 -0.377197
0.127502 0.0355835 -0.377197
0.127502 0.0355835 -0.377197
0.127502 0.0355835 -0.377197
0.127502 0.0355835 -0.377197
0.126709 0.0333862 -0.368896
0.126709 0.0333862 -0.368896
0.126709 0.0333862 -0.368896
0.126709 0.0333862 -0.368896
0.126709 0.0333862 -0.368896
0.129456 0.0321655 -0.371826
0.129456 0.0321655 -0.371826
0.129456 0.0321655 -0.371826
0.129456 0.0321655 -0.371826
0.129456 0.0321655 -0.371826
0.126221 0.0333862 -0.370422
0.126221 0.0333862 -0.370422
0.126221 0.0333862 -0.370422
0.126221 0.0333862 -0.370422
0.126221 0.0333862 -0.370422
0.124878 0.0343018 -0.371582
0.124878 0.0343018 -0.371582
0.124878 0.0343018 -0.371582
0.124878 0.0343018 -0.371582
0.124878 0.0343018 -0.371582
0.124512 0.0331421 -0.373718
0.124512 0.0331421 -0.373718
0.124512 0.0331421 -0.373718
0.124512 0.0331421 -0.373718
0.124512 0.0331421 -0.373718
0.127563 0.0338135 -0.376587
0.127563 0.0338135 -0.376587
0.127563 0.0338135 -0.376587
0.127563 0.0338135 -0.376587
0.127563 0.0338135 -0.376587
0.125061 0.0321655 -0.374023
0.125061 0.0321655 -0.374023
0.125061 0.0321655 -0.374023
0.125061 0.0321655 -0.374023
0.125061 0.0321655 -0.374023
0.128357 0.0324097 -0.374695
0.128357 0.0324097 -0.374695
0.128357 0.0324097 -0.374695
0.128357 0.0324097 -0.374695
0.128357 0.0324097 -0.374695
0.127197 0.0312500 -0.375061
0.127197 0.0312500 -0.375061
0.127197 0.0312500 -0.375061
0.127197 0.0312500 -0.375061
0.127197 0.0312500 -0.375061
0.126587 0.0329590 -0.374939
0.126587 0.0329590 -0.374939
0.126587 0.0329590 -0.374939
0.126587 0.0329590 -0.374939
0.126587 0.0329590 -0.374939
0.126892 0.0346069 -0.374084
0.126892 0.0346069 -0.374084
0.126892 0.0346069 -0.374084
0.126892 0.0346069 -0.374084
0.126892 0.0346069 -0.374084
0.127136 0.0324707 -0.374207
0.127136 0.0324707 -0.374207
0.127136 0.0324707 -0.374207
0.127136 0.0324707 -0.374207
0.127136 0.0324707 -0.374207
0.126221 0.0356445 -0.376160
0.126221 0.0356445 -0.376160
0.126221 0.0356445 -0.376160
0.126221 0.0356445 -0.376160
0.126221 0.0356445 -0.376160
0.126099 0.0326538 -0.375977
0.126099 0.0326538 -0.375977
0.126099 0.0326538 -0.375977
0.126099 0.0326538 -0.375977
0.126099 0.0326538 -0.375977
0.128418 0.0350952 -0.375244
0.128418 0.0350952 -0.375244
0.128418 0.0350952 -0.375244
0.128418 0.0350952 -0.375244
0.128418 0.0350952 -0.375244
0.126709 0.0330200 -0.372803
0.126709 0.0330200 -0.372803
0.126709 0.0330200 -0.372803
0.126709 0.0330200 -0.372803
0.126709 0.0330200 -0.372803
0.125610 0.0336304 -0.379150
0.125610 0.0336304 -0.379150
0.125610 0.0336304 -0.379150
0.125610 0.0336304 -0.379150
0.125610 0.0336304 -0.379150
0.127075 0.0329590 -0.379822
0.127075 0.0329590 -0.379822
0.127075 0.0329590 -0.379822
0.127075 0.0329590 -0.379822
0.127075 0.0329590 -0.379822
0.126892 0.0328979 -0.376221
0.126892 0.0328979 -0.376221
0.126892 0.0328979 -0.376221
0.126892 0.0328979 -0.376221
0.126892 0.0328979 -0.376221
0.128113 0.0328979 -0.376587
0.128113 0.0328979 -0.376587
0.128113 0.0328979 -0.376587
0.128113 0.0328979 -0.376587
0.128113 0.0328979 -0.376587
0.129028 0.0341797 -0.378662
0.129028 0.0341797 -0.378662
0.129028 0.0341797 -0.378662
0.129028 0.0341797 -0.378662
0.129028 0.0341797 -0.378662
0.127930 0.0313110 -0.378723
0.127930 0.0313110 -0.378723
0.127930 0.0313110 -0.378723
0.127930 0.0313110 -0.378723
0.127930 0.0313110 -0.378723
0.128784 0.0349121 -0.375549
0.128784 0.0349121 -0.375549
0.128784 0.0349121 -0.375549
0.128784 0.0349121 -0.375549
0.128784 0.0349121 -0.375549
0.128418 0.0336304 -0.375732
0.128418 0.0336304 -0.375732
0.128418 0.0336304 -0.375732
0.128418 0.0336304 -0.375732
0.128418 0.0336304 -0.375732
0.126282 0.0340576 -0.378601
0.126282 0.0340576 -0.378601
0.126282 0.0340576 -0.378601
0.126282 0.0340576 -0.378601
0.126282 0.0340576 -0.378601
0.124939 0.0325928 -0.376282
0.124939 0.0325928 -0.376282
0.124939 0.0325928 -0.376282
0.124939 0.0325928 -0.376282
0.124939 0.0325928 -0.376282
0.127930 0.0307007 -0.377930
0.127930 0.0307007 -0.377930
0.127930 0.0307007 -0.377930
0.127930 0.0307007 -0.377930
0.127930 0.0307007 -0.377930
0.126282 0.0318604 -0.373474
0.126282 0.0318604 -0.373474
0.126282 0.0318604 -0.373474
0.126282 0.0318604 -0.373474
0.126282 0.0318604 -0.373474
0.127502 0.0315552 -0.377563
0.127502 0.0315552 -0.377563
0.127502 0.0315552 -0.377563
0.127502 0.0315552 -0.377563
0.127502 0.0315552 -0.377563
0.127014 0.0311279 -0.372742
0.127014 0.0311279 -0.372742
0.127014 0.0311279 -0.372742
0.127014 0.0311279 -0.372742
0.127014 0.0311279 -0.372742
0.124573 0.0330811 -0.375122
0.124573 0.0330811 -0.375122
0.124573 0.0330811 -0.375122
0.124573 0.0330811 -0.375122
0.124573 0.0330811 -0.375122
0.126709 0.0318604 -0.372375
0.126709 0.0318604 -0.372375
0.126709 0.0318604 -0.372375
0.126709 0.0318604 -0.372375
0.126709 0.0318604 -0.372375
0.124878 0.0337524 -0.374451
0.124878 0.0337524 -0.374451
0.124878 0.0337524 -0.374451
0.124878 0.0337524 -0.374451
0.124878 0.0337524 -0.374451
0.125122 0.0324707 -0.377441
0.125122 0.0324707 -0.377441
0.125122 0.0324707 -0.377441
0.125122 0.0324707 -0.377441
0.125122 0.0324707 -0.377441
0.126526 0.0283813 -0.374268
0.126526 0.0283813 -0.374268
0.126526 0.0283813 -0.374268
0.126526 0.0283813 -0.374268
0.126526 0.0283813 -0.374268
0.125305 0.0288086 -0.374207
0.125305 0.0288086 -0.374207
0.125305 0.0288086 -0.374207
0.125305 0.0288086 -0.374207
0.125305 0.0288086 -0.374207
0.126221 0.0283203 -0.371765
0.126221 0.0283203 -0.371765
0.126221 0.0283203 -0.371765
0.126221 0.0283203 -0.371765
0.126221 0.0283203 -0.371765
0.124573 0.0255127 -0.374939
0.124573 0.0255127 -0.374939
0.124573 0.0255127 -0.374939
0.124573 0.0255127 -0.374939
0.124573 0.0255127 -0.374939
0.124207 0.0335083 -0.376709
0.124207 0.0335083 -0.376709
0.124207 0.0335083 -0.376709
0.124207 0.0335083 -0.376709
0.124207 0.0335083 -0.376709
0.127930 0.0300903 -0.375732
0.127930 0.0300903 -0.375732
0.127930 0.0300903 -0.375732
0.127930 0.0300903 -0.375732
0.127930 0.0300903 -0.375732
0.127686 0.0311890 -0.377563
0.127686 0.0311890 -0.377563
0.127686 0.0311890 -0.377563
0.127686 0.0311890 -0.377563
0.127686 0.0311890 -0.377563
0.125977 0.0339355 -0.377502
0.125977 0.0339355 -0.377502
0.125977 0.0339355 -0.377502
0.125977 0.0339355 -0.377502
0.125977 0.0339355 -0.377502
0.125305 0.0347290 -0.378174
0.125305 0.0347290 -0.378174
0.125305 0.0347290 -0.378174
0.125305 0.0347290 -0.378174
0.125305 0.0347290 -0.378174
0.126648 0.0338135 -0.379700
0.126648 0.0338135 -0.379700
0.126648 0.0338135 -0.379700
0.126648 0.0338135 -0.379700
0.126648 0.0338135 -0.379700
0.127075 0.0348511 -0.376404
0.127075 0.0348511 -0.376404
0.127075 0.0348511 -0.376404
0.127075 0.0348511 -0.376404
0.127075 0.0348511 -0.376404
0.126343 0.0333862 -0.377808
0.126343 0.0333862 -0.377808
0.126343 0.0333862 -0.377808
0.126343 0.0333862 -0.377808
0.126343 0.0333862 -0.377808
0.127686 0.0350952 -0.377380
0.127686 0.0350952 -0.377380
0.127686 0.0350952 -0.377380
0.127686 0.0350952 -0.377380
0.127686 0.0350952 -0.377380
0.128479 0.0291748 -0.375488
0.128479 0.0291748 -0.375488
0.128479 0.0291748 -0.375488
0.128479 0.0291748 -0.375488
0.128479 0.0291748 -0.375488
0.128479 0.0291748 -0.375488
0.128479 0.0291748 -0.375488
0.125122 0.0330811 -0.379883
0.125122 0.0330811 -0.379883
0.125122 0.0330811 -0.379883
0.126648 0.0322266 -0.375732
0.126648 0.0322266 -0.375732
0.126648 0.0322266 -0.375732
0.126648 0.0322266 -0.375732
0.126648 0.0322266 -0.375732
0.128479 0.0323486 -0.375977
0.128479 0.0323486 -0.375977
0.128479 0.0323486 -0.375977
0.128479 0.0323486 -0.375977
0.128479 0.0323486 -0.375977
0.127258 0.0344238 -0.375427
0.127258 0.0344238 -0.375427
0.127258 0.0344238 -0.375427
0.127258 0.0344238 -0.375427
0.127258 0.0344238 -0.375427
0.128052 0.0323486 -0.378296
0.128052 0.0323486 -0.378296
0.128052 0.0323486 -0.378296
0.128052 0.0323486 -0.378296
0.128052 0.0323486 -0.378296
0.127380 0.0324707 -0.377197
0.127380 0.0324707 -0.377197
0.127380 0.0324707 -0.377197
0.127380 0.0324707 -0.377197
0.127380 0.0324707 -0.377197
0.127563 0.0350952 -0.378662
0.127563 0.0350952 -0.378662
0.127563 0.0350952 -0.378662
0.127563 0.0350952 -0.378662
0.127563 0.0350952 -0.378662
0.128052 0.0346069 -0.378540
0.128052 0.0346069 -0.378540
0.128052 0.0346069 -0.378540
0.128052 0.0346069 -0.378540
0.128052 0.0346069 -0.378540
0.126831 0.0318604 -0.376221
0.126831 0.0318604 -0.376221
0.126831 0.0318604 -0.376221
0.126831 0.0318604 -0.376221
0.126831 0.0318604 -0.376221
0.128540 0.0309448 -0.377136
0.128540 0.0309448 -0.377136
0.128540 0.0309448 -0.377136
0.128540 0.0309448 -0.377136
0.128540 0.0309448 -0.377136
0.129272 0.0334473 -0.377380
0.129272 0.0334473 -0.377380
0.129272 0.0334473 -0.377380
0.129272 0.0334473 -0.377380
0.129272 0.0334473 -0.377380
0.127380 0.0314941 -0.376587
0.127380 0.0314941 -0.376587
0.127380 0.0314941 -0.376587
0.127380 0.0314941 -0.376587
0.127380 0.0314941 -0.376587
0.128418 0.0322876 -0.378296
0.128418 0.0322876 -0.378296
0.128418 0.0322876 -0.378296
0.128418 0.0322876 -0.378296
0.128418 0.0322876 -0.378296
0.129272 0.0316162 -0.376648
0.129272 0.0316162 -0.376648
0.129272 0.0316162 -0.376648
0.129272 0.0316162 -0.376648
0.129272 0.0316162 -0.376648
0.129150 0.0302124 -0.375793
0.129150 0.0302124 -0.375793
0.129150 0.0302124 -0.375793
0.129150 0.0302124 -0.375793
0.129150 0.0302124 -0.375793
0.126038 0.0335083 -0.375061
0.126038 0.0335083 -0.375061
0.126038 0.0335083 -0.375061
0.126038 0.0335083 -0.375061
0.126038 0.0335083 -0.375061
0.127441 0.0329590 -0.374573
0.127441 0.0329590 -0.374573
0.127441 0.0329590 -0.374573
0.127441 0.0329590 -0.374573
0.127441 0.0329590 -0.374573
0.127747 0.0346069 -0.374817
0.127747 0.0346069 -0.374817
0.127747 0.0346069 -0.374817
0.127747 0.0346069 -0.374817
0.127747 0.0346069 -0.374817
0.128479 0.0329590 -0.377808
0.128479 0.0329590 -0.377808
0.128479 0.0329590 -0.377808
0.128479 0.0329590 -0.377808
0.128479 0.0329590 -0.377808
0.129028 0.0344238 -0.374268
0.129028 0.0344238 -0.374268
0.129028 0.0344238 -0.374268
0.129028 0.0344238 -0.374268
0.129028 0.0344238 -0.374268
0.128174 0.0312500 -0.375122
0.128174 0.0312500 -0.375122
0.128174 0.0312500 -0.375122
0.128174 0.0312500 -0.375122
0.128174 0.0312500 -0.375122
0.127197 0.0323486 -0.378723
0.127197 0.0323486 -0.378723
0.127197 0.0323486 -0.378723
0.127197 0.0323486 -0.378723
0.127197 0.0323486 -0.378723
0.126404 0.0318604 -0.373047
0.126404 0.0318604 -0.373047
0.126404 0.0318604 -0.373047
0.126404 0.0318604 -0.373047
0.126404 0.0318604 -0.373047
0.128113 0.0283813 -0.374390
0.128113 0.0283813 -0.374390
0.128113 0.0283813 -0.374390
0.128113 0.0283813 -0.374390
0.128113 0.0283813 -0.374390
0.127502 0.0317383 -0.375732
0.127502 0.0317383 -0.375732
0.127502 0.0317383 -0.375732
0.127502 0.0317383 -0.375732
0.127502 0.0317383 -0.375732
0.125854 0.0327759 -0.376282
0.125854 0.0327759 -0.376282
0.125854 0.0327759 -0.376282
0.125854 0.0327759 -0.376282
0.125854 0.0327759 -0.376282
0.125366 0.0305786 -0.377930
0.125366 0.0305786 -0.377930
0.125366 0.0305786 -0.377930
0.125366 0.0305786 -0.377930
0.125366 0.0305786 -0.377930
0.128601 0.0308838 -0.376709
0.128601 0.0308838 -0.376709
0.128601 0.0308838 -0.376709
0.128601 0.0308838 -0.376709
0.128601 0.0308838 -0.376709
0.125305 0.0316772 -0.377747
0.125305 0.0316772 -0.377747
0.125305 0.0316772 -0.377747
0.125305 0.0316772 -0.377747
0.125305 0.0316772 -0.377747
0.128845 0.0319214 -0.374207
0.128845 0.0319214 -0.374207
0.128845 0.0319214 -0.374207
0.128845 0.0319214 -0.374207
0.128845 0.0319214 -0.374207
0.128357 0.0341187 -0.375488
0.128357 0.0341187 -0.375488
0.128357 0.0341187 -0.375488
0.128357 0.0341187 -0.375488
0.128357 0.0341187 -0.375488
0.127625 0.0307617 -0.376038
0.127625 0.0307617 -0.376038
0.127625 0.0307617 -0.376038
0.127625 0.0307617 -0.376038
0.127625 0.0307617 -0.376038
0.126465 0.0345459 -0.374268
0.126465 0.0345459 -0.374268
0.126465 0.0345459 -0.374268
0.126465 0.0345459 -0.374268
0.126465 0.0345459 -0.374268
0.126831 0.0324097 -0.374695
0.126831 0.0324097 -0.374695
0.126831 0.0324097 -0.374695
0.126831 0.0324097 -0.374695
0.126831 0.0324097 -0.374695
0.127380 0.0335083 -0.374512
0.127380 0.0335083 -0.374512
0.127380 0.0335083 -0.374512
0.127380 0.0335083 -0.374512
0.127380 0.0335083 -0.374512
0.129150 0.0328979 -0.376221
0.129150 0.0328979 -0.376221
0.129150 0.0328979 -0.376221
0.129150 0.0328979 -0.376221
0.129150 0.0328979 -0.376221
0.128113 0.0332642 -0.374268
0.128113 0.0332642 -0.374268
0.128113 0.0332642 -0.374268
0.128113 0.0332642 -0.374268
0.128113 0.0332642 -0.374268
0.129700 0.0325928 -0.377808
0.129700 0.0325928 -0.377808
0.129700 0.0325928 -0.377808
0.129700 0.0325928 -0.377808
0.129700 0.0325928 -0.377808
0.129700 0.0325928 -0.377808
0.128052 0.0335083 -0.372437
0.128052 0.0335083 -0.372437
0.128052 0.0335083 -0.372437
0.128052 0.0335083 -0.372437
0.128052 0.0335083 -0.372437
0.128479 0.0322266 -0.373169
0.128479 0.0322266 -0.373169
0.128479 0.0322266 -0.373169
0.128479 0.0322266 -0.373169
0.128479 0.0322266 -0.373169
0.128723 0.0340576 -0.373962
0.128723 0.0340576 -0.373962
0.128723 0.0340576 -0.373962
0.128723 0.0340576 -0.373962
0.128723 0.0340576 -0.373962
0.125610 0.0350952 -0.372559
0.125610 0.0350952 -0.372559
0.125610 0.0350952 -0.372559
0.125610 0.0350952 -0.372559
0.125610 0.0350952 -0.372559
0.126892 0.0315552 -0.371826
0.126892 0.0315552 -0.371826
0.126892 0.0315552 -0.371826
0.126892 0.0315552 -0.371826
0.126892 0.0315552 -0.371826
0.126648 0.0338135 -0.372803
0.126648 0.0338135 -0.372803
0.126648 0.0338135 -0.372803
0.126648 0.0338135 -0.372803
0.126648 0.0338135 -0.372803
0.127197 0.0338745 -0.373901
0.127197 0.0338745 -0.373901
0.127197 0.0338745 -0.373901
0.127197 0.0338745 -0.373901
0.127197 0.0338745 -0.373901
0.127747 0.0325928 -0.372864
0.127747 0.0325928 -0.372864
0.127747 0.0325928 -0.372864
0.127747 0.0325928 -0.372864
0.127747 0.0325928 -0.372864
0.127258 0.0329590 -0.372986
0.127258 0.0329590 -0.372986
0.127258 0.0329590 -0.372986
0.127258 0.0329590 -0.372986
0.127258 0.0329590 -0.372986
0.127014 0.0321045 -0.373718
0.127014 0.0321045 -0.373718
0.127014 0.0321045 -0.373718
0.127014 0.0321045 -0.373718
0.127014 0.0321045 -0.373718
0.128906 0.0318604 -0.376160
0.128906 0.0318604 -0.376160
0.128906 0.0318604 -0.376160
0.128906 0.0318604 -0.376160
0.128906 0.0318604 -0.376160
0.125732 0.0316162 -0.370728
0.125732 0.0316162 -0.370728
0.125732 0.0316162 -0.370728
0.125732 0.0316162 -0.370728
0.125732 0.0316162 -0.370728
0.127991 0.0307007 -0.377136
0.127991 0.0307007 -0.377136
0.127991 0.0307007 -0.377136
0.127991 0.0307007 -0.377136
0.127991 0.0307007 -0.377136
0.128967 0.0330811 -0.377380
0.128967 0.0330811 -0.377380
0.128967 0.0330811 -0.377380
0.128967 0.0330811 -0.377380
0.128967 0.0330811 -0.377380
0.130005 0.0308228 -0.374146
0.130005 0.0308228 -0.374146
0.130005 0.0308228 -0.374146
0.130005 0.0308228 -0.374146
0.130005 0.0308228 -0.374146
0.130005 0.0308228 -0.374146
0.130005 0.0308228 -0.374146
0.128845 0.0321045 -0.378540
0.128845 0.0321045 -0.378540
0.128845 0.0321045 -0.378540
0.128845 0.0321045 -0.378540
0.128723 0.0314941 -0.376465
0.128723 0.0314941 -0.376465
0.128723 0.0314941 -0.376465
0.128723 0.0314941 -0.376465
0.127502 0.0311890 -0.377563
0.127502 0.0311890 -0.377563
0.127502 0.0311890 -0.377563
0.127502 0.0311890 -0.377563
0.127502 0.0311890 -0.377563
0.130249 0.0293579 -0.377319
0.130249 0.0293579 -0.377319
0.130249 0.0293579 -0.377319
0.130249 0.0293579 -0.377319
0.130249 0.0293579 -0.377319
0.128235 0.0336304 -0.379028
0.128235 0.0336304 -0.379028
0.128235 0.0336304 -0.379028
0.128235 0.0336304 -0.379028
0.128235 0.0336304 -0.379028
0.128601 0.0344849 -0.376465
0.128601 0.0344849 -0.376465
0.128601 0.0344849 -0.376465
0.128601 0.0344849 -0.376465
0.128601 0.0344849 -0.376465
0.129578 0.0348511 -0.376587
0.129578 0.0348511 -0.376587
0.129578 0.0348511 -0.376587
0.129578 0.0348511 -0.376587
0.129578 0.0348511 -0.376587
0.128845 0.0311890 -0.374084
0.128845 0.0311890 -0.374084
0.128845 0.0311890 -0.374084
0.128845 0.0311890 -0.374084
0.128845 0.0311890 -0.374084
0.129517 0.0318604 -0.373718
0.129517 0.0318604 -0.373718
0.129517 0.0318604 -0.373718
0.129517 0.0318604 -0.373718
0.129517 0.0318604 -0.373718
0.130676 0.0311279 -0.378296
0.130676 0.0311279 -0.378296
0.130676 0.0311279 -0.378296
0.130676 0.0311279 -0.378296
0.130676 0.0311279 -0.378296
0.127869 0.0329590 -0.375305
0.127869 0.0329590 -0.375305
0.127869 0.0329590 -0.375305
0.127869 0.0329590 -0.375305
0.127869 0.0329590 -0.375305
0.129517 0.0328369 -0.373291
0.129517 0.0328369 -0.373291
0.129517 0.0328369 -0.373291
0.129517 0.0328369 -0.373291
0.129517 0.0328369 -0.373291
0.127808 0.0332031 -0.376038
0.127808 0.0332031 -0.376038
0.127808 0.0332031 -0.376038
0.127808 0.0332031 -0.376038
0.127808 0.0332031 -0.376038
0.127563 0.0312500 -0.374756
0.127563 0.0312500 -0.374756
0.127563 0.0312500 -0.374756
0.127563 0.0312500 -0.374756
0.127563 0.0312500 -0.374756
0.127747 0.0328979 -0.373779
0.127747 0.0328979 -0.373779
0.127747 0.0328979 -0.373779
0.127747 0.0328979 -0.373779
0.127747 0.0328979 -0.373779
0.129639 0.0309448 -0.374695
0.129639 0.0309448 -0.374695
0.129639 0.0309448 -0.374695
0.129639 0.0309448 -0.374695
0.129639 0.0309448 -0.374695
0.126587 0.0311890 -0.375061
0.126587 0.0311890 -0.375061
0.126587 0.0311890 -0.375061
0.126587 0.0311890 -0.375061
0.126587 0.0311890 -0.375061
0.127686 0.0311279 -0.377441
0.127686 0.0311279 -0.377441
0.127686 0.0311279 -0.377441
0.127686 0.0311279 -0.377441
0.127686 0.0311279 -0.377441
0.129944 0.0327148 -0.375305
0.129944 0.0327148 -0.375305
0.129944 0.0327148 -0.375305
0.129944 0.0327148 -0.375305
0.129944 0.0327148 -0.375305
0.127930 0.0282593 -0.375977
0.127930 0.0282593 -0.375977
0.127930 0.0282593 -0.375977
0.127930 0.0282593 -0.375977
0.127930 0.0282593 -0.375977
0.128906 0.0306396 -0.376099
0.128906 0.0306396 -0.376099
0.128906 0.0306396 -0.376099
0.128906 0.0306396 -0.376099
0.128906 0.0306396 -0.376099
0.128967 0.0247192 -0.376831
0.128967 0.0247192 -0.376831
0.128967 0.0247192 -0.376831
0.128967 0.0247192 -0.376831
0.128967 0.0247192 -0.376831
0.129456 0.0291748 -0.375671
0.129456 0.0291748 -0.375671
0.129456 0.0291748 -0.375671
0.129456 0.0291748 -0.375671
0.129456 0.0291748 -0.375671
0.130615 0.0307007 -0.376770
0.130615 0.0307007 -0.376770
0.130615 0.0307007 -0.376770
0.130615 0.0307007 -0.376770
0.130615 0.0307007 -0.376770
0.128174 0.0313110 -0.377686
0.128174 0.0313110 -0.377686
0.128174 0.0313110 -0.377686
0.128174 0.0313110 -0.377686
0.128174 0.0313110 -0.377686
0.128052 0.0339966 -0.374146
0.128052 0.0339966 -0.374146
0.128052 0.0339966 -0.374146
0.128052 0.0339966 -0.374146
0.128052 0.0339966 -0.374146
0.128357 0.0331421 -0.376587
0.128357 0.0331421 -0.376587
0.128357 0.0331421 -0.376587
0.128357 0.0331421 -0.376587
0.128357 0.0331421 -0.376587
0.128052 0.0343628 -0.378357
0.128052 0.0343628 -0.378357
0.128052 0.0343628 -0.378357
0.128052 0.0343628 -0.378357
0.128052 0.0343628 -0.378357
0.129456 0.0330811 -0.378967
0.129456 0.0330811 -0.378967
0.129456 0.0330811 -0.378967
0.129456 0.0330811 -0.378967
0.129456 0.0330811 -0.378967
0.128723 0.0340576 -0.378662
0.128723 0.0340576 -0.378662
0.128723 0.0340576 -0.378662
0.128723 0.0340576 -0.378662
0.128723 0.0340576 -0.378662
0.126099 0.0341797 -0.378967
0.126099 0.0341797 -0.378967
0.126099 0.0341797 -0.378967
0.126099 0.0341797 -0.378967
0.126099 0.0341797 -0.378967
0.128906 0.0269165 -0.378418
0.128906 0.0269165 -0.378418
0.128906 0.0269165 -0.378418
0.128906 0.0269165 -0.378418
0.128906 0.0269165 -0.378418
0.126587 0.0332642 -0.376770
0.126587 0.0332642 -0.376770
0.126587 0.0332642 -0.376770
0.126587 0.0332642 -0.376770
0.126587 0.0332642 -0.376770
0.128235 0.0313110 -0.376282
0.128235 0.0313110 -0.376282
0.128235 0.0313110 -0.376282
0.128235 0.0313110 -0.376282
0.128235 0.0313110 -0.376282
0.131470 0.0336304 -0.373962
0.131470 0.0336304 -0.373962
0.131470 0.0336304 -0.373962
0.131470 0.0336304 -0.373962
0.131470 0.0336304 -0.373962
0.128418 0.0358887 -0.375183
0.128418 0.0358887 -0.375183
0.128418 0.0358887 -0.375183
0.128418 0.0358887 -0.375183
0.128418 0.0358887 -0.375183
0.129822 0.0321045 -0.372314
0.129822 0.0321045 -0.372314
0.129822 0.0321045 -0.372314
0.129822 0.0321045 -0.372314
0.129822 0.0321045 -0.372314
0.128784 0.0341797 -0.374756
0.128784 0.0341797 -0.374756
0.128784 0.0341797 -0.374756
0.128784 0.0341797 -0.374756
0.128784 0.0341797 -0.374756
0.127991 0.0341187 -0.376221
0.127991 0.0341187 -0.376221
0.127991 0.0341187 -0.376221
0.127991 0.0341187 -0.376221
0.127991 0.0341187 -0.376221
0.128906 0.0337524 -0.378845
0.128906 0.0337524 -0.378845
0.128906 0.0337524 -0.378845
0.128906 0.0337524 -0.378845
0.128906 0.0337524 -0.378845
0.130127 0.0324707 -0.376831
0.130127 0.0324707 -0.376831
0.130127 0.0324707 -0.376831
0.130127 0.0324707 -0.376831
0.130127 0.0324707 -0.376831
0.127502 0.0322876 -0.375244
0.127502 0.0322876 -0.375244
0.127502 0.0322876 -0.375244
0.127502 0.0322876 -0.375244
0.127502 0.0322876 -0.375244
0.130737 0.0341797 -0.377686
0.130737 0.0341797 -0.377686
0.130737 0.0341797 -0.377686
0.130737 0.0341797 -0.377686
0.130737 0.0341797 -0.377686
0.128235 0.0346069 -0.377441
0.128235 0.0346069 -0.377441
0.128235 0.0346069 -0.377441
0.128235 0.0346069 -0.377441
0.128235 0.0346069 -0.377441
0.128357 0.0338135 -0.376282
0.128357 0.0338135 -0.376282
0.128357 0.0338135 -0.376282
0.128357 0.0338135 -0.376282
0.128357 0.0338135 -0.376282
0.128113 0.0330811 -0.379517
0.128113 0.0330811 -0.379517
0.128113 0.0330811 -0.379517
0.128113 0.0330811 -0.379517
0.128113 0.0330811 -0.379517
0.128906 0.0308838 -0.374878
0.128906 0.0308838 -0.374878
0.128906 0.0308838 -0.374878
0.128906 0.0308838 -0.374878
0.128906 0.0308838 -0.374878
0.128296 0.0331421 -0.374390
0.128296 0.0331421 -0.374390
0.128296 0.0331421 -0.374390
0.128296 0.0331421 -0.374390
0.128296 0.0331421 -0.374390
0.128967 0.0319214 -0.376648
0.128967 0.0319214 -0.376648
0.128967 0.0319214 -0.376648
0.128967 0.0319214 -0.376648
0.128967 0.0319214 -0.376648
0.127686 0.0327148 -0.376526
0.127686 0.0327148 -0.376526
0.127686 0.0327148 -0.376526
0.127686 0.0327148 -0.376526
0.127686 0.0327148 -0.376526
0.129272 0.0349121 -0.375000
0.129272 0.0349121 -0.375000
0.129272 0.0349121 -0.375000
0.129272 0.0349121 -0.375000
0.129272 0.0349121 -0.375000
0.128662 0.0336304 -0.374756
0.128662 0.0336304 -0.374756
0.128662 0.0336304 -0.374756
0.128662 0.0336304 -0.374756
0.128662 0.0336304 -0.374756
0.128052 0.0343018 -0.373474
0.128052 0.0343018 -0.373474
0.128052 0.0343018 -0.373474
0.128052 0.0343018 -0.373474
0.128052 0.0343018 -0.373474
0.127258 0.0327148 -0.380432
0.127258 0.0327148 -0.380432
0.127258 0.0327148 -0.380432
0.127258 0.0327148 -0.380432
0.127258 0.0327148 -0.380432
0.130676 0.0357666 -0.373230
0.130676 0.0357666 -0.373230
0.130676 0.0357666 -0.373230
0.130676 0.0357666 -0.373230
0.130676 0.0357666 -0.373230
0.128845 0.0338745 -0.376953
0.128845 0.0338745 -0.376953
0.128845 0.0338745 -0.376953
0.128845 0.0338745 -0.376953
0.128845 0.0338745 -0.376953
0.128357 0.0310059 -0.375854
0.128357 0.0310059 -0.375854
0.128357 0.0310059 -0.375854
0.128357 0.0310059 -0.375854
0.128357 0.0310059 -0.375854
0.129272 0.0320435 -0.378845
0.129272 0.0320435 -0.378845
0.129272 0.0320435 -0.378845
0.129272 0.0320435 -0.378845
0.129272 0.0320435 -0.378845
0.127747 0.0311279 -0.379028
0.127747 0.0311279 -0.379028
0.127747 0.0311279 -0.379028
0.127747 0.0311279 -0.379028
0.127747 0.0311279 -0.379028
0.126526 0.0300293 -0.376404
0.126526 0.0300293 -0.376404
0.126526 0.0300293 -0.376404
0.126526 0.0300293 -0.376404
0.126526 0.0300293 -0.376404
0.127380 0.0307007 -0.376465
0.127380 0.0307007 -0.376465
0.127380 0.0307007 -0.376465
0.127380 0.0307007 -0.376465
0.127380 0.0307007 -0.376465
0.130005 0.0317993 -0.376404
0.130005 0.0317993 -0.376404
0.130005 0.0317993 -0.376404
0.130005 0.0317993 -0.376404
0.130005 0.0317993 -0.376404
0.130005 0.0317993 -0.376404
0.130005 0.0317993 -0.376404
0.130005 0.0317993 -0.376404
0.130005 0.0335693 -0.371094
0.130005 0.0335693 -0.371094
0.128784 0.0288696 -0.375610
0.128784 0.0288696 -0.375610
0.128784 0.0288696 -0.375610
0.128784 0.0288696 -0.375610
0.128784 0.0288696 -0.375610
0.129272 0.0332642 -0.368958
0.129272 0.0332642 -0.368958
0.129272 0.0332642 -0.368958
0.129272 0.0332642 -0.368958
0.129272 0.0332642 -0.368958
0.128113 0.0302734 -0.377502
0.128113 0.0302734 -0.377502
0.128113 0.0302734 -0.377502
0.128113 0.0302734 -0.377502
0.128113 0.0302734 -0.377502
0.129211 0.0327759 -0.374878
0.129211 0.0327759 -0.374878
0.129211 0.0327759 -0.374878
0.129211 0.0327759 -0.374878
0.129211 0.0327759 -0.374878
0.129456 0.0310059 -0.375000
0.129456 0.0310059 -0.375000
0.129456 0.0310059 -0.375000
0.129456 0.0310059 -0.375000
0.129456 0.0310059 -0.375000
0.129456 0.0310059 -0.375000
0.129639 0.0299683 -0.371948
0.129639 0.0299683 -0.371948
0.129639 0.0299683 -0.371948
0.129639 0.0299683 -0.371948
0.129639 0.0299683 -0.371948
0.128540 0.0296631 -0.372681
0.128540 0.0296631 -0.372681
0.128540 0.0296631 -0.372681
0.128540 0.0296631 -0.372681
0.128540 0.0296631 -0.372681
0.129089 0.0296631 -0.375305
0.129089 0.0296631 -0.375305
0.129089 0.0296631 -0.375305
0.129089 0.0296631 -0.375305
0.129089 0.0296631 -0.375305
0.128418 0.0306396 -0.374573
0.128418 0.0306396 -0.374573
0.128418 0.0306396 -0.374573
0.128418 0.0306396 -0.374573
0.128418 0.0306396 -0.374573
0.129028 0.0321655 -0.371277
0.129028 0.0321655 -0.371277
0.129028 0.0321655 -0.371277
0.129028 0.0321655 -0.371277
0.129028 0.0321655 -0.371277
0.129639 0.0306396 -0.370361
0.129639 0.0306396 -0.370361
0.129639 0.0306396 -0.370361
0.129639 0.0306396 -0.370361
0.129639 0.0306396 -0.370361
0.128357 0.0320435 -0.374756
0.128357 0.0320435 -0.374756
0.128357 0.0320435 -0.374756
0.128357 0.0320435 -0.374756
0.128357 0.0320435 -0.374756
0.128845 0.0302124 -0.374634
0.128845 0.0302124 -0.374634
0.128845 0.0302124 -0.374634
0.128845 0.0302124 -0.374634
0.128845 0.0302124 -0.374634
0.129395 0.0272827 -0.373718
0.129395 0.0272827 -0.373718
0.129395 0.0272827 -0.373718
0.129395 0.0272827 -0.373718
0.129395 0.0272827 -0.373718
0.130249 0.0317993 -0.373596
0.130249 0.0317993 -0.373596
0.130249 0.0317993 -0.373596
0.130249 0.0317993 -0.373596
0.130249 0.0317993 -0.373596
0.128113 0.0329590 -0.374268
0.128113 0.0329590 -0.374268
0.128113 0.0329590 -0.374268
0.128113 0.0329590 -0.374268
0.128113 0.0329590 -0.374268
0.130127 0.0317383 -0.374268
0.130127 0.0317383 -0.374268
0.130127 0.0317383 -0.374268
0.130127 0.0317383 -0.374268
0.130127 0.0317383 -0.374268
0.128357 0.0321045 -0.372070
0.128357 0.0321045 -0.372070
0.128357 0.0321045 -0.372070
0.128357 0.0321045 -0.372070
0.128357 0.0321045 -0.372070
0.128052 0.0321045 -0.375061
0.128052 0.0321045 -0.375061
0.128052 0.0321045 -0.375061
0.128052 0.0321045 -0.375061
0.128052 0.0321045 -0.375061
0.127441 0.0303955 -0.372498
0.127441 0.0303955 -0.372498
0.127441 0.0303955 -0.372498
0.127441 0.0303955 -0.372498
0.127441 0.0303955 -0.372498
0.128967 0.0314941 -0.377747
0.128967 0.0314941 -0.377747
0.128967 0.0314941 -0.377747
0.128967 0.0314941 -0.377747
0.128967 0.0314941 -0.377747
0.128601 0.0304565 -0.375854
0.128601 0.0304565 -0.375854
0.128601 0.0304565 -0.375854
0.128601 0.0304565 -0.375854
0.128601 0.0304565 -0.375854
0.127747 0.0310059 -0.374512
0.127747 0.0310059 -0.374512
0.127747 0.0310059 -0.374512
0.127747 0.0310059 -0.374512
0.127747 0.0310059 -0.374512
0.128723 0.0342407 -0.374146
0.128723 0.0342407 -0.374146
0.128723 0.0342407 -0.374146
0.128723 0.0342407 -0.374146
0.128723 0.0342407 -0.374146
0.130127 0.0336304 -0.375854
0.130127 0.0336304 -0.375854
0.130127 0.0336304 -0.375854
0.130127 0.0336304 -0.375854
0.130127 0.0336304 -0.375854
0.129395 0.0321045 -0.375427
0.129395 0.0321045 -0.375427
0.129395 0.0321045 -0.375427
0.129395 0.0321045 -0.375427
0.129395 0.0321045 -0.375427
0.127991 0.0352783 -0.377014
0.127991 0.0352783 -0.377014
0.127991 0.0352783 -0.377014
0.127991 0.0352783 -0.377014
0.127991 0.0352783 -0.377014
0.127747 0.0333862 -0.376526
0.127747 0.0333862 -0.376526
0.127747 0.0333862 -0.376526
0.127747 0.0333862 -0.376526
0.127747 0.0333862 -0.376526
0.126282 0.0316162 -0.375732
0.126282 0.0316162 -0.375732
0.126282 0.0316162 -0.375732
0.126282 0.0316162 -0.375732
0.126282 0.0316162 -0.375732
0.129700 0.0305786 -0.376465
0.129700 0.0305786 -0.376465
0.129700 0.0305786 -0.376465
0.129700 0.0305786 -0.376465
0.129700 0.0305786 -0.376465
0.127380 0.0327148 -0.378235
0.127380 0.0327148 -0.378235
0.127380 0.0327148 -0.378235
0.127380 0.0327148 -0.378235
0.127380 0.0327148 -0.378235
0.127380 0.0327148 -0.378235
0.127197 0.0290527 -0.375854
0.127197 0.0290527 -0.375854
0.127197 0.0290527 -0.375854
0.127197 0.0290527 -0.375854
0.126465 0.0348511 -0.377136
0.126465 0.0348511 -0.377136
0.126465 0.0348511 -0.377136
0.126465 0.0348511 -0.377136
0.126465 0.0348511 -0.377136
0.126831 0.0320435 -0.376038
0.126831 0.0320435 -0.376038
0.126831 0.0320435 -0.376038
0.126831 0.0320435 -0.376038
0.126831 0.0320435 -0.376038
0.127991 0.0302124 -0.372559
0.127991 0.0302124 -0.372559
0.127991 0.0302124 -0.372559
0.127991 0.0302124 -0.372559
0.127991 0.0302124 -0.372559
0.127686 0.0303955 -0.371399
0.127686 0.0303955 -0.371399
0.127686 0.0303955 -0.371399
0.127686 0.0303955 -0.371399
0.127686 0.0303955 -0.371399
0.130249 0.0305176 -0.373474
0.130249 0.0305176 -0.373474
0.130249 0.0305176 -0.373474
0.130249 0.0305176 -0.373474
0.130249 0.0305176 -0.373474
0.127686 0.0337524 -0.377197
0.127686 0.0337524 -0.377197
0.127686 0.0337524 -0.377197
0.127686 0.0337524 -0.377197
0.127686 0.0337524 -0.377197
0.127136 0.0310059 -0.373291
0.127136 0.0310059 -0.373291
0.127136 0.0310059 -0.373291
0.127136 0.0310059 -0.373291
0.127136 0.0310059 -0.373291
0.126221 0.0309448 -0.374146
0.126221 0.0309448 -0.374146
0.126221 0.0309448 -0.374146
