-0.0866699 0.0672607 -0.121460
-0.0867920 0.0675659 -0.117188
-0.0867920 0.0675659 -0.117188
-0.0867920 0.0675659 -0.117188
-0.0867920 0.0675659 -0.117188
-0.0867920 0.0675659 -0.117188
-0.0867920 0.0675659 -0.117188
-0.0856323 0.0682373 -0.113464
-0.0856323 0.0682373 -0.113464
-0.0856323 0.0682373 -0.113464
-0.0856323 0.0682373 -0.113464
-0.0856323 0.0682373 -0.113464
-0.0859375 0.0684814 -0.117920
-0.0859375 0.0684814 -0.117920
-0.0859375 0.0684814 -0.117920
-0.0859375 0.0684814 -0.117920
-0.0859375 0.0684814 -0.117920
-0.0869751 0.0676270 -0.116943
-0.0869751 0.0676270 -0.116943
-0.0869751 0.0676270 -0.116943
-0.0869751 0.0676270 -0.116943
-0.0869751 0.0676270 -0.116943
-0.0881958 0.0671387 -0.119385
-0.0881958 0.0671387 -0.119385
-0.0881958 0.0671387 -0.119385
-0.0881958 0.0671387 -0.119385
-0.0881958 0.0671387 -0.119385
-0.0878296 0.0666504 -0.117432
-0.0878296 0.0666504 -0.117432
-0.0878296 0.0666504 -0.117432
-0.0878296 0.0666504 -0.117432
-0.0878296 0.0666504 -0.117432
-0.0878296 0.0666504 -0.117432
-0.0850830 0.0661621 -0.117310
-0.0850830 0.0661621 -0.117310
-0.0850830 0.0661621 -0.117310
-0.0850830 0.0661621 -0.117310
-0.0850830 0.0661621 -0.117310
-0.0864258 0.0686035 -0.117493
-0.0864258 0.0686035 -0.117493
-0.0864258 0.0686035 -0.117493
-0.0864258 0.0686035 -0.117493
-0.0864258 0.0686035 -0.117493
-0.0871582 0.0693359 -0.117188
-0.0871582 0.0693359 -0.117188
-0.0871582 0.0693359 -0.117188
-0.0871582 0.0693359 -0.117188
-0.0871582 0.0693359 -0.117188
-0.0870972 0.0674438 -0.116333
-0.0870972 0.0674438 -0.116333
-0.0870972 0.0674438 -0.116333
-0.0870972 0.0674438 -0.116333
-0.0870972 0.0674438 -0.116333
-0.0870972 0.0674438 -0.116333
-0.0861816 0.0672607 -0.120117
-0.0861816 0.0672607 -0.120117
-0.0861816 0.0672607 -0.120117
-0.0861816 0.0672607 -0.120117
-0.0861816 0.0672607 -0.120117
-0.0856934 0.0670166 -0.117615
-0.0856934 0.0670166 -0.117615
-0.0856934 0.0670166 -0.117615
-0.0856934 0.0670166 -0.117615
-0.0856934 0.0670166 -0.117615
-0.0852661 0.0610962 -0.119324
-0.0852661 0.0610962 -0.119324
-0.0852661 0.0610962 -0.119324
-0.0852661 0.0610962 -0.119324
-0.0852661 0.0610962 -0.119324
-0.0882568 0.0690308 -0.118835
-0.0882568 0.0690308 -0.118835
-0.0882568 0.0690308 -0.118835
-0.0882568 0.0690308 -0.118835
-0.0882568 0.0690308 -0.118835
-0.0863037 0.0682373 -0.116394
-0.0863037 0.0682373 -0.116394
-0.0863037 0.0682373 -0.116394
-0.0863037 0.0682373 -0.116394
-0.0863037 0.0682373 -0.116394
-0.0863037 0.0682373 -0.116394
-0.0868530 0.0686035 -0.117310
-0.0868530 0.0686035 -0.117310
-0.0868530 0.0686035 -0.117310
-0.0868530 0.0686035 -0.117310
-0.0868530 0.0686035 -0.117310
-0.0860596 0.0646973 -0.115234
-0.0860596 0.0646973 -0.115234
-0.0860596 0.0646973 -0.115234
-0.0860596 0.0646973 -0.115234
-0.0860596 0.0646973 -0.115234
-0.0860596 0.0634766 -0.116333
-0.0860596 0.0634766 -0.116333
-0.0860596 0.0634766 -0.116333
-0.0860596 0.0634766 -0.116333
-0.0860596 0.0634766 -0.116333
-0.0874023 0.0647583 -0.114502
-0.0874023 0.0647583 -0.114502
-0.0874023 0.0647583 -0.114502
-0.0874023 0.0647583 -0.114502
-0.0874023 0.0647583 -0.114502
-0.0878296 0.0661011 -0.117615
-0.0878296 0.0661011 -0.117615
-0.0878296 0.0661011 -0.117615
-0.0878296 0.0661011 -0.117615
-0.0878296 0.0661011 -0.117615
-0.0878296 0.0661011 -0.117615
-0.0856323 0.0665283 -0.115601
-0.0856323 0.0665283 -0.115601
-0.0856323 0.0665283 -0.115601
-0.0856323 0.0665283 -0.115601
-0.0856323 0.0665283 -0.115601
-0.0852051 0.0665894 -0.118896
-0.0852051 0.0665894 -0.118896
-0.0852051 0.0665894 -0.118896
-0.0852051 0.0665894 -0.118896
-0.0852051 0.0665894 -0.118896
-0.0852051 0.0665894 -0.118896
-0.0852051 0.0665894 -0.118896
-0.0877075 0.0648193 -0.118530
-0.0877075 0.0648193 -0.118530
-0.0877075 0.0648193 -0.118530
-0.0873413 0.0641479 -0.119324
-0.0873413 0.0641479 -0.119324
-0.0873413 0.0641479 -0.119324
-0.0873413 0.0641479 -0.119324
-0.0873413 0.0641479 -0.119324
-0.0839844 0.0658569 -0.117188
-0.0839844 0.0658569 -0.117188
-0.0839844 0.0658569 -0.117188
-0.0839844 0.0658569 -0.117188
-0.0839844 0.0658569 -0.117188
-0.0839844 0.0658569 -0.117188
-0.0870972 0.0631714 -0.114197
-0.0870972 0.0631714 -0.114197
-0.0870972 0.0631714 -0.114197
-0.0870972 0.0631714 -0.114197
-0.0870972 0.0631714 -0.114197
-0.0844116 0.0632324 -0.116638
-0.0844116 0.0632324 -0.116638
-0.0844116 0.0632324 -0.116638
-0.0844116 0.0632324 -0.116638
-0.0844116 0.0632324 -0.116638
-0.0845337 0.0636597 -0.121582
-0.0845337 0.0636597 -0.121582
-0.0845337 0.0636597 -0.121582
-0.0845337 0.0636597 -0.121582
-0.0845337 0.0636597 -0.121582
-0.0847778 0.0641479 -0.117493
-0.0847778 0.0641479 -0.117493
-0.0847778 0.0641479 -0.117493
-0.0847778 0.0641479 -0.117493
-0.0847778 0.0641479 -0.117493
-0.0847778 0.0641479 -0.117493
-0.0842285 0.0640869 -0.113525
-0.0842285 0.0640869 -0.113525
-0.0842285 0.0640869 -0.113525
-0.0842285 0.0640869 -0.113525
-0.0842285 0.0640869 -0.113525
-0.0840454 0.0652466 -0.116028
-0.0840454 0.0652466 -0.116028
-0.0840454 0.0652466 -0.116028
-0.0840454 0.0652466 -0.116028
-0.0840454 0.0652466 -0.116028
-0.0842896 0.0630493 -0.115173
-0.0842896 0.0630493 -0.115173
-0.0842896 0.0630493 -0.115173
-0.0842896 0.0630493 -0.115173
-0.0842896 0.0630493 -0.115173
-0.0839844 0.0628662 -0.114380
-0.0839844 0.0628662 -0.114380
-0.0839844 0.0628662 -0.114380
-0.0839844 0.0628662 -0.114380
-0.0839844 0.0628662 -0.114380
-0.0864258 0.0666504 -0.115417
-0.0864258 0.0666504 -0.115417
-0.0864258 0.0666504 -0.115417
-0.0864258 0.0666504 -0.115417
-0.0864258 0.0666504 -0.115417
-0.0864258 0.0666504 -0.115417
-0.0864258 0.0657349 -0.116699
-0.0864258 0.0657349 -0.116699
-0.0864258 0.0657349 -0.116699
-0.0864258 0.0657349 -0.116699
-0.0864258 0.0657349 -0.116699
-0.0854492 0.0650024 -0.119446
-0.0854492 0.0650024 -0.119446
-0.0854492 0.0650024 -0.119446
-0.0854492 0.0650024 -0.119446
-0.0854492 0.0650024 -0.119446
-0.0854492 0.0650024 -0.119446
-0.0861816 0.0646362 -0.116211
-0.0861816 0.0646362 -0.116211
-0.0861816 0.0646362 -0.116211
-0.0861816 0.0646362 -0.116211
-0.0872803 0.0651245 -0.120056
-0.0872803 0.0651245 -0.120056
-0.0872803 0.0651245 -0.120056
-0.0872803 0.0651245 -0.120056
-0.0872803 0.0651245 -0.120056
-0.0839233 0.0642090 -0.118652
-0.0839233 0.0642090 -0.118652
-0.0839233 0.0642090 -0.118652
-0.0839233 0.0642090 -0.118652
-0.0839233 0.0642090 -0.118652
-0.0839233 0.0642090 -0.118652
-0.0850830 0.0633545 -0.114990
-0.0850830 0.0633545 -0.114990
-0.0850830 0.0633545 -0.114990
-0.0850830 0.0633545 -0.114990
-0.0850830 0.0633545 -0.114990
-0.0863037 0.0639038 -0.119324
-0.0863037 0.0639038 -0.119324
-0.0863037 0.0639038 -0.119324
-0.0863037 0.0639038 -0.119324
-0.0863037 0.0639038 -0.119324
-0.0864868 0.0668335 -0.119934
-0.0864868 0.0668335 -0.119934
-0.0864868 0.0668335 -0.119934
-0.0864868 0.0668335 -0.119934
-0.0864868 0.0668335 -0.119934
-0.0861816 0.0684204 -0.117310
-0.0861816 0.0684204 -0.117310
-0.0861816 0.0684204 -0.117310
-0.0861816 0.0684204 -0.117310
-0.0861816 0.0684204 -0.117310
-0.0871582 0.0675659 -0.120300
-0.0871582 0.0675659 -0.120300
-0.0871582 0.0675659 -0.120300
-0.0871582 0.0675659 -0.120300
-0.0871582 0.0675659 -0.120300
-0.0871582 0.0675659 -0.120300
-0.0869141 0.0660400 -0.119507
-0.0869141 0.0660400 -0.119507
-0.0869141 0.0660400 -0.119507
-0.0869141 0.0660400 -0.119507
-0.0869141 0.0660400 -0.119507
-0.0839844 0.0680542 -0.115601
-0.0839844 0.0680542 -0.115601
-0.0839844 0.0680542 -0.115601
-0.0839844 0.0680542 -0.115601
-0.0839844 0.0680542 -0.115601
-0.0838623 0.0675049 -0.116943
-0.0838623 0.0675049 -0.116943
-0.0838623 0.0675049 -0.116943
-0.0838623 0.0675049 -0.116943
-0.0838623 0.0675049 -0.116943
-0.0855713 0.0640259 -0.116760
-0.0855713 0.0640259 -0.116760
-0.0855713 0.0640259 -0.116760
-0.0855713 0.0640259 -0.116760
-0.0855713 0.0640259 -0.116760
-0.0842896 0.0659180 -0.117859
-0.0842896 0.0659180 -0.117859
-0.0842896 0.0659180 -0.117859
-0.0842896 0.0659180 -0.117859
-0.0842896 0.0659180 -0.117859
-0.0842896 0.0659180 -0.117859
-0.0851440 0.0663452 -0.118042
-0.0851440 0.0663452 -0.118042
-0.0851440 0.0663452 -0.118042
-0.0851440 0.0663452 -0.118042
-0.0851440 0.0663452 -0.118042
-0.0855713 0.0653687 -0.118042
-0.0855713 0.0653687 -0.118042
-0.0855713 0.0653687 -0.118042
-0.0855713 0.0653687 -0.118042
-0.0855713 0.0653687 -0.118042
-0.0839844 0.0655518 -0.117310
-0.0839844 0.0655518 -0.117310
-0.0839844 0.0655518 -0.117310
-0.0839844 0.0655518 -0.117310
-0.0839844 0.0655518 -0.117310
-0.0838623 0.0626831 -0.116760
-0.0838623 0.0626831 -0.116760
-0.0838623 0.0626831 -0.116760
-0.0838623 0.0626831 -0.116760
-0.0838623 0.0626831 -0.116760
-0.0838623 0.0626831 -0.116760
-0.0839844 0.0626221 -0.116333
-0.0839844 0.0626221 -0.116333
-0.0839844 0.0626221 -0.116333
-0.0839844 0.0626221 -0.116333
-0.0839844 0.0626221 -0.116333
-0.0840454 0.0625610 -0.116760
-0.0840454 0.0625610 -0.116760
-0.0840454 0.0625610 -0.116760
-0.0840454 0.0625610 -0.116760
-0.0840454 0.0625610 -0.116760
-0.0841064 0.0624390 -0.113647
-0.0841064 0.0624390 -0.113647
-0.0841064 0.0624390 -0.113647
-0.0841064 0.0624390 -0.113647
-0.0841064 0.0624390 -0.113647
-0.0845947 0.0667114 -0.118896
-0.0845947 0.0667114 -0.118896
-0.0845947 0.0667114 -0.118896
-0.0845947 0.0667114 -0.118896
-0.0845947 0.0667114 -0.118896
-0.0855713 0.0653687 -0.115051
-0.0855713 0.0653687 -0.115051
-0.0855713 0.0653687 -0.115051
-0.0855713 0.0653687 -0.115051
-0.0855713 0.0653687 -0.115051
-0.0855713 0.0653687 -0.115051
-0.0861206 0.0645142 -0.114868
-0.0861206 0.0645142 -0.114868
-0.0861206 0.0645142 -0.114868
-0.0861206 0.0645142 -0.114868
-0.0861206 0.0645142 -0.114868
-0.0845947 0.0638428 -0.112732
-0.0845947 0.0638428 -0.112732
-0.0845947 0.0638428 -0.112732
-0.0845947 0.0638428 -0.112732
-0.0845947 0.0638428 -0.112732
-0.0833740 0.0646362 -0.119568
-0.0833740 0.0646362 -0.119568
-0.0833740 0.0646362 -0.119568
-0.0833740 0.0646362 -0.119568
-0.0833740 0.0646362 -0.119568
-0.0862427 0.0645752 -0.123474
-0.0862427 0.0645752 -0.123474
-0.0862427 0.0645752 -0.123474
-0.0862427 0.0645752 -0.123474
-0.0862427 0.0645752 -0.123474
-0.0863037 0.0635986 -0.119324
-0.0863037 0.0635986 -0.119324
-0.0863037 0.0635986 -0.119324
-0.0863037 0.0635986 -0.119324
-0.0863037 0.0635986 -0.119324
-0.0863037 0.0635986 -0.119324
-0.0846558 0.0655518 -0.117554
-0.0846558 0.0655518 -0.117554
-0.0846558 0.0655518 -0.117554
-0.0846558 0.0655518 -0.117554
-0.0846558 0.0655518 -0.117554
-0.0863037 0.0646362 -0.118103
-0.0863037 0.0646362 -0.118103
-0.0863037 0.0646362 -0.118103
-0.0863037 0.0646362 -0.118103
-0.0863037 0.0646362 -0.118103
-0.0848389 0.0639038 -0.118591
-0.0848389 0.0639038 -0.118591
-0.0848389 0.0639038 -0.118591
-0.0848389 0.0639038 -0.118591
-0.0848389 0.0639038 -0.118591
-0.0875244 0.0625610 -0.122314
-0.0875244 0.0625610 -0.122314
-0.0875244 0.0625610 -0.122314
-0.0875244 0.0625610 -0.122314
-0.0875244 0.0625610 -0.122314
-0.0835571 0.0641479 -0.119080
-0.0835571 0.0641479 -0.119080
-0.0835571 0.0641479 -0.119080
-0.0835571 0.0641479 -0.119080
-0.0835571 0.0641479 -0.119080
-0.0835571 0.0641479 -0.119080
-0.0839233 0.0645752 -0.119751
-0.0839233 0.0645752 -0.119751
-0.0839233 0.0645752 -0.119751
-0.0839233 0.0645752 -0.119751
-0.0839233 0.0645752 -0.119751
-0.0839844 0.0657959 -0.120300
-0.0839844 0.0657959 -0.120300
-0.0839844 0.0657959 -0.120300
-0.0839844 0.0657959 -0.120300
-0.0839844 0.0657959 -0.120300
-0.0834961 0.0635986 -0.119812
-0.0834961 0.0635986 -0.119812
-0.0834961 0.0635986 -0.119812
-0.0834961 0.0635986 -0.119812
-0.0834961 0.0635986 -0.119812
-0.0852051 0.0647583 -0.117310
-0.0852051 0.0647583 -0.117310
-0.0852051 0.0647583 -0.117310
-0.0852051 0.0647583 -0.117310
-0.0852051 0.0647583 -0.117310
-0.0852051 0.0647583 -0.117310
-0.0836792 0.0648193 -0.116943
-0.0836792 0.0648193 -0.116943
-0.0836792 0.0648193 -0.116943
-0.0836792 0.0648193 -0.116943
-0.0836792 0.0648193 -0.116943
-0.0836792 0.0648193 -0.116943
-0.0828247 0.0645142 -0.115662
-0.0828247 0.0645142 -0.115662
-0.0828247 0.0645142 -0.115662
-0.0828247 0.0645142 -0.115662
-0.0828247 0.0645142 -0.115662
-0.0853882 0.0652466 -0.115906
-0.0853882 0.0652466 -0.115906
-0.0853882 0.0652466 -0.115906
-0.0853882 0.0652466 -0.115906
-0.0853882 0.0652466 -0.115906
-0.0838013 0.0657959 -0.118652
-0.0838013 0.0657959 -0.118652
-0.0838013 0.0657959 -0.118652
-0.0838013 0.0657959 -0.118652
-0.0836182 0.0644531 -0.116577
-0.0836182 0.0644531 -0.116577
-0.0836182 0.0644531 -0.116577
-0.0836182 0.0644531 -0.116577
-0.0836182 0.0644531 -0.116577
-0.0836182 0.0644531 -0.116577
-0.0853882 0.0646362 -0.117126
-0.0853882 0.0646362 -0.117126
-0.0853882 0.0646362 -0.117126
-0.0853882 0.0646362 -0.117126
-0.0853882 0.0646362 -0.117126
-0.0847778 0.0677490 -0.116821
-0.0847778 0.0677490 -0.116821
-0.0847778 0.0677490 -0.116821
-0.0847778 0.0677490 -0.116821
-0.0847778 0.0677490 -0.116821
-0.0846558 0.0637817 -0.116516
-0.0846558 0.0637817 -0.116516
-0.0846558 0.0637817 -0.116516
-0.0846558 0.0637817 -0.116516
-0.0846558 0.0637817 -0.116516
-0.0839844 0.0635376 -0.113037
-0.0839844 0.0635376 -0.113037
-0.0839844 0.0635376 -0.113037
-0.0839844 0.0635376 -0.113037
-0.0839844 0.0635376 -0.113037
-0.0850830 0.0642090 -0.118896
-0.0850830 0.0642090 -0.118896
-0.0850830 0.0642090 -0.118896
-0.0850830 0.0642090 -0.118896
-0.0850830 0.0642090 -0.118896
-0.0850830 0.0642090 -0.118896
-0.0854492 0.0644531 -0.114563
-0.0854492 0.0644531 -0.114563
-0.0854492 0.0644531 -0.114563
-0.0854492 0.0644531 -0.114563
-0.0854492 0.0644531 -0.114563
-0.0857544 0.0664673 -0.116089
-0.0857544 0.0664673 -0.116089
-0.0857544 0.0664673 -0.116089
-0.0857544 0.0664673 -0.116089
-0.0857544 0.0664673 -0.116089
-0.0852661 0.0624390 -0.116699
-0.0852661 0.0624390 -0.116699
-0.0852661 0.0624390 -0.116699
-0.0852661 0.0624390 -0.116699
-0.0852661 0.0624390 -0.116699
-0.0856934 0.0628052 -0.114014
-0.0856934 0.0628052 -0.114014
-0.0856934 0.0628052 -0.114014
-0.0856934 0.0628052 -0.114014
-0.0856934 0.0628052 -0.114014
-0.0864868 0.0615845 -0.118469
-0.0864868 0.0615845 -0.118469
-0.0864868 0.0615845 -0.118469
-0.0864868 0.0615845 -0.118469
-0.0864868 0.0615845 -0.118469
-0.0864868 0.0615845 -0.118469
-0.0848389 0.0633545 -0.116028
-0.0848389 0.0633545 -0.116028
-0.0848389 0.0633545 -0.116028
-0.0848389 0.0633545 -0.116028
-0.0848389 0.0633545 -0.116028
-0.0839844 0.0639038 -0.116455
-0.0839844 0.0639038 -0.116455
-0.0839844 0.0639038 -0.116455
-0.0839844 0.0639038 -0.116455
-0.0839844 0.0639038 -0.116455
-0.0839844 0.0612793 -0.114258
-0.0839844 0.0612793 -0.114258
-0.0839844 0.0612793 -0.114258
-0.0839844 0.0612793 -0.114258
-0.0839844 0.0612793 -0.114258
-0.0861816 0.0647583 -0.115173
-0.0861816 0.0647583 -0.115173
-0.0861816 0.0647583 -0.115173
-0.0861816 0.0647583 -0.115173
-0.0861816 0.0647583 -0.115173
-0.0863647 0.0625000 -0.114990
-0.0863647 0.0625000 -0.114990
-0.0863647 0.0625000 -0.114990
-0.0863647 0.0625000 -0.114990
-0.0863647 0.0625000 -0.114990
-0.0863647 0.0625000 -0.114990
-0.0863647 0.0625000 -0.114990
-0.0819702 0.0621338 -0.113464
-0.0819702 0.0621338 -0.113464
-0.0819702 0.0621338 -0.113464
-0.0819702 0.0621338 -0.113464
-0.0819702 0.0621338 -0.113464
-0.0847778 0.0628052 -0.117310
-0.0847778 0.0628052 -0.117310
-0.0847778 0.0628052 -0.117310
-0.0847778 0.0628052 -0.117310
-0.0839844 0.0622559 -0.117126
-0.0839844 0.0622559 -0.117126
-0.0839844 0.0622559 -0.117126
-0.0839844 0.0622559 -0.117126
-0.0839844 0.0622559 -0.117126
-0.0846558 0.0651245 -0.118103
-0.0846558 0.0651245 -0.118103
-0.0846558 0.0651245 -0.118103
-0.0846558 0.0651245 -0.118103
-0.0846558 0.0651245 -0.118103
-0.0846558 0.0651245 -0.118103
-0.0838013 0.0629883 -0.116516
-0.0838013 0.0629883 -0.116516
-0.0838013 0.0629883 -0.116516
-0.0838013 0.0629883 -0.116516
-0.0838013 0.0629883 -0.116516
-0.0842285 0.0684204 -0.112549
-0.0842285 0.0684204 -0.112549
-0.0842285 0.0684204 -0.112549
-0.0842285 0.0684204 -0.112549
-0.0842285 0.0684204 -0.112549
-0.0836182 0.0673828 -0.107849
-0.0836182 0.0673828 -0.107849
-0.0836182 0.0673828 -0.107849
-0.0836182 0.0673828 -0.107849
-0.0836182 0.0673828 -0.107849
-0.0793457 0.0686035 -0.0971680
-0.0793457 0.0686035 -0.0971680
-0.0793457 0.0686035 -0.0971680
-0.0793457 0.0686035 -0.0971680
-0.0793457 0.0686035 -0.0971680
-0.0769653 0.0717163 -0.0790405
-0.0769653 0.0717163 -0.0790405
-0.0769653 0.0717163 -0.0790405
-0.0769653 0.0717163 -0.0790405
-0.0769653 0.0717163 -0.0790405
-0.0769653 0.0717163 -0.0790405
-0.0769653 0.0717163 -0.0790405
-0.0769653 0.0717163 -0.0790405
-0.0776978 0.0736084 -0.0637207
-0.0776978 0.0736084 -0.0637207
-0.0776978 0.0736084 -0.0637207
-0.0791626 0.0785522 -0.0509644
-0.0791626 0.0785522 -0.0509644
-0.0791626 0.0785522 -0.0509644
-0.0791626 0.0785522 -0.0509644
-0.0791626 0.0785522 -0.0509644
-0.0831299 0.0809937 -0.0397339
-0.0831299 0.0809937 -0.0397339
-0.0831299 0.0809937 -0.0397339
-0.0831299 0.0809937 -0.0397339
-0.0831299 0.0809937 -0.0397339
-0.0878906 0.0920410 -0.0285034
-0.0878906 0.0920410 -0.0285034
-0.0878906 0.0920410 -0.0285034
-0.0878906 0.0920410 -0.0285034
-0.0878906 0.0920410 -0.0285034
-0.0900879 0.0954590 -0.0200806
-0.0900879 0.0954590 -0.0200806
-0.0900879 0.0954590 -0.0200806
-0.0900879 0.0954590 -0.0200806
-0.0900879 0.0954590 -0.0200806
-0.0900879 0.0954590 -0.0200806
-0.0910645 0.100830 -0.00836182
-0.0910645 0.100830 -0.00836182
-0.0910645 0.100830 -0.00836182
-0.0910645 0.100830 -0.00836182
-0.0910645 0.100830 -0.00836182
-0.0929565 0.109314 -0.00378418
-0.0929565 0.109314 -0.00378418
-0.0929565 0.109314 -0.00378418
-0.0929565 0.109314 -0.00378418
-0.0929565 0.109314 -0.00378418
-0.0919189 0.116638 0.00140381
-0.0919189 0.116638 0.00140381
-0.0919189 0.116638 0.00140381
-0.0919189 0.116638 0.00140381
-0.0919189 0.116638 0.00140381
-0.0910034 0.122131 0.00518799
-0.0910034 0.122131 0.00518799
-0.0910034 0.122131 0.00518799
-0.0910034 0.122131 0.00518799
-0.0910034 0.122131 0.00518799
-0.0887451 0.128357 0.0104980
-0.0887451 0.128357 0.0104980
-0.0887451 0.128357 0.0104980
-0.0887451 0.128357 0.0104980
-0.0887451 0.128357 0.0104980
-0.0887451 0.128357 0.0104980
-0.0858765 0.134949 0.0135498
-0.0858765 0.134949 0.0135498
-0.0858765 0.134949 0.0135498
-0.0858765 0.134949 0.0135498
-0.0858765 0.134949 0.0135498
-0.0855103 0.135742 0.0131226
-0.0855103 0.135742 0.0131226
-0.0855103 0.135742 0.0131226
-0.0855103 0.135742 0.0131226
-0.0855103 0.135742 0.0131226
-0.0839844 0.135925 0.0144043
-0.0839844 0.135925 0.0144043
-0.0839844 0.135925 0.0144043
-0.0839844 0.135925 0.0144043
-0.0839844 0.135925 0.0144043
-0.0830078 0.139221 0.0183105
-0.0830078 0.139221 0.0183105
-0.0830078 0.139221 0.0183105
-0.0830078 0.139221 0.0183105
-0.0830078 0.139221 0.0183105
-0.0830078 0.139221 0.0183105
-0.0828857 0.137024 0.0142822
-0.0828857 0.137024 0.0142822
-0.0828857 0.137024 0.0142822
-0.0828857 0.137024 0.0142822
-0.0828857 0.137024 0.0142822
-0.0847168 0.134888 0.0111694
-0.0847168 0.134888 0.0111694
-0.0847168 0.134888 0.0111694
-0.0847168 0.134888 0.0111694
-0.0847168 0.134888 0.0111694
-0.0867920 0.129211 0.0121460
-0.0867920 0.129211 0.0121460
-0.0867920 0.129211 0.0121460
-0.0867920 0.129211 0.0121460
-0.0867920 0.129211 0.0121460
-0.0912476 0.124695 0.00463867
-0.0912476 0.124695 0.00463867
-0.0912476 0.124695 0.00463867
-0.0912476 0.124695 0.00463867
-0.0912476 0.124695 0.00463867
-0.0922241 0.119080 0.00372314
-0.0922241 0.119080 0.00372314
-0.0922241 0.119080 0.00372314
-0.0922241 0.119080 0.00372314
-0.0922241 0.119080 0.00372314
-0.0922241 0.119080 0.00372314
-0.0969238 0.113647 -0.00122070
-0.0969238 0.113647 -0.00122070
-0.0969238 0.113647 -0.00122070
-0.0969238 0.113647 -0.00122070
-0.0969238 0.113647 -0.00122070
-0.0953979 0.101868 -0.0112915
-0.0953979 0.101868 -0.0112915
-0.0953979 0.101868 -0.0112915
-0.0953979 0.101868 -0.0112915
-0.0953979 0.101868 -0.0112915
-0.0957642 0.0901489 -0.0243530
-0.0957642 0.0901489 -0.0243530
-0.0957642 0.0901489 -0.0243530
-0.0957642 0.0901489 -0.0243530
-0.0957642 0.0901489 -0.0243530
-0.0906372 0.0858154 -0.0390625
-0.0906372 0.0858154 -0.0390625
-0.0906372 0.0858154 -0.0390625
-0.0906372 0.0858154 -0.0390625
-0.0906372 0.0858154 -0.0390625
-0.0896606 0.0814209 -0.0510864
-0.0896606 0.0814209 -0.0510864
-0.0896606 0.0814209 -0.0510864
-0.0896606 0.0814209 -0.0510864
-0.0896606 0.0814209 -0.0510864
-0.0896606 0.0814209 -0.0510864
-0.0842285 0.0784302 -0.0598755
-0.0842285 0.0784302 -0.0598755
-0.0842285 0.0784302 -0.0598755
-0.0842285 0.0784302 -0.0598755
-0.0842285 0.0784302 -0.0598755
-0.0825806 0.0740356 -0.0684204
-0.0825806 0.0740356 -0.0684204
-0.0825806 0.0740356 -0.0684204
-0.0825806 0.0740356 -0.0684204
-0.0825806 0.0740356 -0.0684204
-0.0822144 0.0702515 -0.0797729
-0.0822144 0.0702515 -0.0797729
-0.0822144 0.0702515 -0.0797729
-0.0822144 0.0702515 -0.0797729
-0.0822144 0.0702515 -0.0797729
-0.0844116 0.0696411 -0.0874634
-0.0844116 0.0696411 -0.0874634
-0.0844116 0.0696411 -0.0874634
-0.0844116 0.0696411 -0.0874634
-0.0844116 0.0696411 -0.0874634
-0.0827026 0.0688477 -0.0947876
-0.0827026 0.0688477 -0.0947876
-0.0827026 0.0688477 -0.0947876
-0.0827026 0.0688477 -0.0947876
-0.0827026 0.0688477 -0.0947876
-0.0827026 0.0688477 -0.0947876
-0.0820923 0.0692749 -0.0950317
-0.0820923 0.0692749 -0.0950317
-0.0820923 0.0692749 -0.0950317
-0.0820923 0.0692749 -0.0950317
-0.0820923 0.0692749 -0.0950317
-0.0795898 0.0692139 -0.0982666
-0.0795898 0.0692139 -0.0982666
-0.0795898 0.0692139 -0.0982666
-0.0795898 0.0692139 -0.0982666
-0.0795898 0.0692139 -0.0982666
-0.0823975 0.0691528 -0.104309
-0.0823975 0.0691528 -0.104309
-0.0823975 0.0691528 -0.104309
-0.0823975 0.0691528 -0.104309
-0.0823975 0.0691528 -0.104309
-0.0842285 0.0673218 -0.102539
-0.0842285 0.0673218 -0.102539
-0.0842285 0.0673218 -0.102539
-0.0842285 0.0673218 -0.102539
-0.0842285 0.0673218 -0.102539
-0.0842285 0.0673218 -0.102539
-0.0831909 0.0673218 -0.104004
-0.0831909 0.0673218 -0.104004
-0.0831909 0.0673218 -0.104004
-0.0831909 0.0673218 -0.104004
-0.0831909 0.0673218 -0.104004
-0.0851440 0.0676270 -0.103699
-0.0851440 0.0676270 -0.103699
-0.0851440 0.0676270 -0.103699
-0.0851440 0.0676270 -0.103699
-0.0851440 0.0676270 -0.103699
-0.0839844 0.0665894 -0.105530
-0.0839844 0.0665894 -0.105530
-0.0839844 0.0665894 -0.105530
-0.0839844 0.0665894 -0.105530
-0.0839844 0.0665894 -0.105530
-0.0836792 0.0675049 -0.103882
-0.0836792 0.0675049 -0.103882
-0.0836792 0.0675049 -0.103882
-0.0836792 0.0675049 -0.103882
-0.0836792 0.0675049 -0.103882
-0.0833740 0.0683594 -0.104370
-0.0833740 0.0683594 -0.104370
-0.0833740 0.0683594 -0.104370
-0.0833740 0.0683594 -0.104370
-0.0833740 0.0683594 -0.104370
-0.0833740 0.0683594 -0.104370
-0.0842896 0.0646973 -0.103394
-0.0842896 0.0646973 -0.103394
-0.0842896 0.0646973 -0.103394
-0.0842896 0.0646973 -0.103394
-0.0842896 0.0646973 -0.103394
-0.0825195 0.0675659 -0.105591
-0.0825195 0.0675659 -0.105591
-0.0825195 0.0675659 -0.105591
-0.0825195 0.0675659 -0.105591
-0.0825195 0.0675659 -0.105591
-0.0825195 0.0675659 -0.105591
-0.0833130 0.0623169 -0.102539
-0.0833130 0.0623169 -0.102539
-0.0833130 0.0623169 -0.102539
-0.0833130 0.0623169 -0.102539
-0.0833130 0.0623169 -0.102539
-0.0816650 0.0663452 -0.103943
-0.0816650 0.0663452 -0.103943
-0.0816650 0.0663452 -0.103943
-0.0816650 0.0663452 -0.103943
-0.0825806 0.0645142 -0.0996704
-0.0825806 0.0645142 -0.0996704
-0.0825806 0.0645142 -0.0996704
-0.0825806 0.0645142 -0.0996704
-0.0825806 0.0645142 -0.0996704
-0.0825806 0.0645142 -0.0996704
-0.0824585 0.0665894 -0.0909424
-0.0824585 0.0665894 -0.0909424
-0.0824585 0.0665894 -0.0909424
-0.0824585 0.0665894 -0.0909424
-0.0824585 0.0665894 -0.0909424
-0.0808716 0.0664062 -0.0806274
-0.0808716 0.0664062 -0.0806274
-0.0808716 0.0664062 -0.0806274
-0.0808716 0.0664062 -0.0806274
-0.0808716 0.0664062 -0.0806274
-0.0802612 0.0699463 -0.0706787
-0.0802612 0.0699463 -0.0706787
-0.0802612 0.0699463 -0.0706787
-0.0802612 0.0699463 -0.0706787
-0.0802612 0.0699463 -0.0706787
-0.0833740 0.0742188 -0.0599365
-0.0833740 0.0742188 -0.0599365
-0.0833740 0.0742188 -0.0599365
-0.0833740 0.0742188 -0.0599365
-0.0833740 0.0742188 -0.0599365
-0.0874634 0.0762939 -0.0503540
-0.0874634 0.0762939 -0.0503540
-0.0874634 0.0762939 -0.0503540
-0.0874634 0.0762939 -0.0503540
-0.0874634 0.0762939 -0.0503540
-0.0874634 0.0762939 -0.0503540
-0.0905151 0.0823364 -0.0347290
-0.0905151 0.0823364 -0.0347290
-0.0905151 0.0823364 -0.0347290
-0.0905151 0.0823364 -0.0347290
-0.0905151 0.0823364 -0.0347290
-0.0962524 0.0903320 -0.0284424
-0.0962524 0.0903320 -0.0284424
-0.0962524 0.0903320 -0.0284424
-0.0962524 0.0903320 -0.0284424
-0.0962524 0.0903320 -0.0284424
-0.0947266 0.0960083 -0.0175781
-0.0947266 0.0960083 -0.0175781
-0.0947266 0.0960083 -0.0175781
-0.0947266 0.0960083 -0.0175781
-0.0947266 0.0960083 -0.0175781
-0.0975342 0.104919 -0.00665283
-0.0975342 0.104919 -0.00665283
-0.0975342 0.104919 -0.00665283
-0.0975342 0.104919 -0.00665283
-0.0975342 0.104919 -0.00665283
-0.0974731 0.113525 0.00189209
-0.0974731 0.113525 0.00189209
-0.0974731 0.113525 0.00189209
-0.0974731 0.113525 0.00189209
-0.0974731 0.113525 0.00189209
-0.0974731 0.113525 0.00189209
-0.0982666 0.118774 0.00598145
-0.0982666 0.118774 0.00598145
-0.0982666 0.118774 0.00598145
-0.0982666 0.118774 0.00598145
-0.0982666 0.118774 0.00598145
-0.0923462 0.124084 0.0104980
-0.0923462 0.124084 0.0104980
-0.0923462 0.124084 0.0104980
-0.0923462 0.124084 0.0104980
-0.0923462 0.124084 0.0104980
-0.0895996 0.129211 0.0141602
-0.0895996 0.129211 0.0141602
-0.0895996 0.129211 0.0141602
-0.0895996 0.129211 0.0141602
-0.0895996 0.129211 0.0141602
-0.0901489 0.130127 0.0133667
-0.0901489 0.130127 0.0133667
-0.0901489 0.130127 0.0133667
-0.0901489 0.130127 0.0133667
-0.0901489 0.130127 0.0133667
-0.0901489 0.130127 0.0133667
-0.0910645 0.132202 0.0150146
-0.0910645 0.132202 0.0150146
-0.0910645 0.132202 0.0150146
-0.0910645 0.132202 0.0150146
-0.0910645 0.132202 0.0150146
-0.0906372 0.131042 0.0147095
-0.0906372 0.131042 0.0147095
-0.0906372 0.131042 0.0147095
-0.0906372 0.131042 0.0147095
-0.0906372 0.131042 0.0147095
-0.0886841 0.128479 0.0112915
-0.0886841 0.128479 0.0112915
-0.0886841 0.128479 0.0112915
-0.0886841 0.128479 0.0112915
-0.0886841 0.128479 0.0112915
-0.0896606 0.125305 0.0120850
-0.0896606 0.125305 0.0120850
-0.0896606 0.125305 0.0120850
-0.0896606 0.125305 0.0120850
-0.0896606 0.125305 0.0120850
-0.0896606 0.125305 0.0120850
-0.0922241 0.123901 0.00909424
-0.0922241 0.123901 0.00909424
-0.0922241 0.123901 0.00909424
-0.0922241 0.123901 0.00909424
-0.0922241 0.123901 0.00909424
-0.0933838 0.121155 0.00677490
-0.0933838 0.121155 0.00677490
-0.0933838 0.121155 0.00677490
-0.0933838 0.121155 0.00677490
-0.0933838 0.121155 0.00677490
-0.0941162 0.115845 0.000854492
-0.0941162 0.115845 0.000854492
-0.0941162 0.115845 0.000854492
-0.0941162 0.115845 0.000854492
-0.0941162 0.115845 0.000854492
-0.0968628 0.107422 -0.00579834
-0.0968628 0.107422 -0.00579834
-0.0968628 0.107422 -0.00579834
-0.0968628 0.107422 -0.00579834
-0.0968628 0.107422 -0.00579834
-0.101013 0.0991211 -0.0104980
-0.101013 0.0991211 -0.0104980
-0.101013 0.0991211 -0.0104980
-0.101013 0.0991211 -0.0104980
-0.101013 0.0991211 -0.0104980
-0.0994263 0.0919189 -0.0234375
-0.0994263 0.0919189 -0.0234375
-0.0994263 0.0919189 -0.0234375
-0.0994263 0.0919189 -0.0234375
-0.0994263 0.0919189 -0.0234375
-0.0994263 0.0919189 -0.0234375
-0.0972290 0.0836182 -0.0332031
-0.0972290 0.0836182 -0.0332031
-0.0972290 0.0836182 -0.0332031
-0.0972290 0.0836182 -0.0332031
-0.0972290 0.0836182 -0.0332031
-0.0903320 0.0780640 -0.0466309
-0.0903320 0.0780640 -0.0466309
-0.0903320 0.0780640 -0.0466309
-0.0903320 0.0780640 -0.0466309
-0.0903320 0.0780640 -0.0466309
-0.0854492 0.0758667 -0.0585327
-0.0854492 0.0758667 -0.0585327
-0.0854492 0.0758667 -0.0585327
-0.0854492 0.0758667 -0.0585327
-0.0854492 0.0758667 -0.0585327
-0.0851440 0.0728760 -0.0681152
-0.0851440 0.0728760 -0.0681152
-0.0851440 0.0728760 -0.0681152
-0.0851440 0.0728760 -0.0681152
-0.0851440 0.0728760 -0.0681152
-0.0800171 0.0700684 -0.0797119
-0.0800171 0.0700684 -0.0797119
-0.0800171 0.0700684 -0.0797119
-0.0800171 0.0700684 -0.0797119
-0.0800171 0.0700684 -0.0797119
-0.0800171 0.0700684 -0.0797119
-0.0803223 0.0688477 -0.0925293
-0.0803223 0.0688477 -0.0925293
-0.0803223 0.0688477 -0.0925293
-0.0803223 0.0688477 -0.0925293
-0.0803223 0.0688477 -0.0925293
-0.0818481 0.0683594 -0.0980225
-0.0818481 0.0683594 -0.0980225
-0.0818481 0.0683594 -0.0980225
-0.0818481 0.0683594 -0.0980225
-0.0818481 0.0683594 -0.0980225
-0.0808716 0.0678101 -0.107483
-0.0808716 0.0678101 -0.107483
-0.0808716 0.0678101 -0.107483
-0.0808716 0.0678101 -0.107483
-0.0808716 0.0678101 -0.107483
-0.0822754 0.0642700 -0.109924
-0.0822754 0.0642700 -0.109924
-0.0822754 0.0642700 -0.109924
-0.0822754 0.0642700 -0.109924
-0.0822754 0.0642700 -0.109924
-0.0822754 0.0642700 -0.109924
-0.0825195 0.0658569 -0.108398
-0.0825195 0.0658569 -0.108398
-0.0825195 0.0658569 -0.108398
-0.0825195 0.0658569 -0.108398
-0.0825195 0.0658569 -0.108398
-0.0847778 0.0665894 -0.109375
-0.0847778 0.0665894 -0.109375
-0.0847778 0.0665894 -0.109375
-0.0847778 0.0665894 -0.109375
-0.0847778 0.0665894 -0.109375
-0.0835571 0.0664062 -0.112305
-0.0835571 0.0664062 -0.112305
-0.0835571 0.0664062 -0.112305
-0.0835571 0.0664062 -0.112305
-0.0835571 0.0664062 -0.112305
-0.0858765 0.0676880 -0.112244
-0.0858765 0.0676880 -0.112244
-0.0858765 0.0676880 -0.112244
-0.0858765 0.0676880 -0.112244
-0.0858765 0.0676880 -0.112244
-0.0846558 0.0678711 -0.110352
-0.0846558 0.0678711 -0.110352
-0.0846558 0.0678711 -0.110352
-0.0846558 0.0678711 -0.110352
-0.0846558 0.0678711 -0.110352
-0.0846558 0.0678711 -0.110352
-0.0856934 0.0659790 -0.112671
-0.0856934 0.0659790 -0.112671
-0.0856934 0.0659790 -0.112671
-0.0856934 0.0659790 -0.112671
-0.0856934 0.0659790 -0.112671
-0.0841675 0.0664062 -0.103943
-0.0841675 0.0664062 -0.103943
-0.0841675 0.0664062 -0.103943
-0.0841675 0.0664062 -0.103943
-0.0841675 0.0664062 -0.103943
-0.0842896 0.0601196 -0.107483
-0.0842896 0.0601196 -0.107483
-0.0842896 0.0601196 -0.107483
-0.0842896 0.0601196 -0.107483
-0.0842896 0.0601196 -0.107483
-0.0836792 0.0652466 -0.102661
-0.0836792 0.0652466 -0.102661
-0.0836792 0.0652466 -0.102661
-0.0836792 0.0652466 -0.102661
-0.0836792 0.0652466 -0.102661
-0.0844727 0.0654297 -0.102539
-0.0844727 0.0654297 -0.102539
-0.0844727 0.0654297 -0.102539
-0.0844727 0.0654297 -0.102539
-0.0844727 0.0654297 -0.102539
-0.0844727 0.0654297 -0.102539
-0.0820312 0.0653687 -0.0993652
-0.0820312 0.0653687 -0.0993652
-0.0820312 0.0653687 -0.0993652
-0.0820312 0.0653687 -0.0993652
-0.0820312 0.0653687 -0.0993652
-0.0841064 0.0646973 -0.105530
-0.0841064 0.0646973 -0.105530
-0.0841064 0.0646973 -0.105530
-0.0841064 0.0646973 -0.105530
-0.0841064 0.0646973 -0.105530
-0.0838013 0.0659790 -0.103821
-0.0838013 0.0659790 -0.103821
-0.0838013 0.0659790 -0.103821
-0.0838013 0.0659790 -0.103821
-0.0838013 0.0659790 -0.103821
-0.0833130 0.0662842 -0.104187
-0.0833130 0.0662842 -0.104187
-0.0833130 0.0662842 -0.104187
-0.0833130 0.0662842 -0.104187
-0.0833130 0.0662842 -0.104187
-0.0841675 0.0662842 -0.0996094
-0.0841675 0.0662842 -0.0996094
-0.0841675 0.0662842 -0.0996094
-0.0841675 0.0662842 -0.0996094
-0.0841675 0.0662842 -0.0996094
-0.0841675 0.0662842 -0.0996094
-0.0858154 0.0637207 -0.0969238
-0.0858154 0.0637207 -0.0969238
-0.0858154 0.0637207 -0.0969238
-0.0858154 0.0637207 -0.0969238
-0.0858154 0.0637207 -0.0969238
-0.0858765 0.0656128 -0.0982056
-0.0858765 0.0656128 -0.0982056
-0.0858765 0.0656128 -0.0982056
-0.0858765 0.0656128 -0.0982056
-0.0858765 0.0656128 -0.0982056
-0.0840454 0.0644531 -0.0981445
-0.0840454 0.0644531 -0.0981445
-0.0840454 0.0644531 -0.0981445
-0.0840454 0.0644531 -0.0981445
-0.0840454 0.0644531 -0.0981445
-0.0827637 0.0631104 -0.0949707
-0.0827637 0.0631104 -0.0949707
-0.0827637 0.0631104 -0.0949707
-0.0827637 0.0631104 -0.0949707
-0.0827637 0.0631104 -0.0949707
-0.0833740 0.0667114 -0.0957642
-0.0833740 0.0667114 -0.0957642
-0.0833740 0.0667114 -0.0957642
-0.0833740 0.0667114 -0.0957642
-0.0833740 0.0667114 -0.0957642
-0.0833740 0.0667114 -0.0957642
-0.0822144 0.0669556 -0.0891724
-0.0822144 0.0669556 -0.0891724
-0.0822144 0.0669556 -0.0891724
-0.0822144 0.0669556 -0.0891724
-0.0822144 0.0669556 -0.0891724
-0.0825195 0.0691528 -0.0850830
-0.0825195 0.0691528 -0.0850830
-0.0825195 0.0691528 -0.0850830
-0.0825195 0.0691528 -0.0850830
-0.0825195 0.0691528 -0.0850830
-0.0827026 0.0708008 -0.0798340
-0.0827026 0.0708008 -0.0798340
-0.0827026 0.0708008 -0.0798340
-0.0827026 0.0708008 -0.0798340
-0.0827026 0.0708008 -0.0798340
-0.0830688 0.0726318 -0.0682983
-0.0830688 0.0726318 -0.0682983
-0.0830688 0.0726318 -0.0682983
-0.0830688 0.0726318 -0.0682983
-0.0830688 0.0726318 -0.0682983
-0.0830688 0.0726318 -0.0682983
-0.0848389 0.0764771 -0.0614014
-0.0848389 0.0764771 -0.0614014
-0.0848389 0.0764771 -0.0614014
-0.0848389 0.0764771 -0.0614014
-0.0848389 0.0764771 -0.0614014
-0.0856934 0.0784912 -0.0478516
-0.0856934 0.0784912 -0.0478516
-0.0856934 0.0784912 -0.0478516
-0.0856934 0.0784912 -0.0478516
-0.0856934 0.0784912 -0.0478516
-0.0898438 0.0841675 -0.0428467
-0.0898438 0.0841675 -0.0428467
-0.0898438 0.0841675 -0.0428467
-0.0898438 0.0841675 -0.0428467
-0.0898438 0.0841675 -0.0428467
-0.0925903 0.0898438 -0.0284424
-0.0925903 0.0898438 -0.0284424
-0.0925903 0.0898438 -0.0284424
-0.0925903 0.0898438 -0.0284424
-0.0925903 0.0898438 -0.0284424
-0.0953979 0.0953979 -0.0258789
-0.0953979 0.0953979 -0.0258789
-0.0953979 0.0953979 -0.0258789
-0.0953979 0.0953979 -0.0258789
-0.0953979 0.0953979 -0.0258789
-0.0953979 0.0953979 -0.0258789
-0.0953979 0.0953979 -0.0258789
-0.0953979 0.0953979 -0.0258789
-0.0964966 0.105347 -0.0176392
-0.0964966 0.105347 -0.0176392
-0.0964966 0.105347 -0.0176392
-0.0972290 0.109314 -0.0109253
-0.0972290 0.109314 -0.0109253
-0.0972290 0.109314 -0.0109253
-0.0972290 0.109314 -0.0109253
-0.0972290 0.109314 -0.0109253
-0.101135 0.112427 -0.00543213
-0.101135 0.112427 -0.00543213
-0.101135 0.112427 -0.00543213
-0.101135 0.112427 -0.00543213
-0.101135 0.112427 -0.00543213
-0.103821 0.120911 0.000671387
-0.103821 0.120911 0.000671387
-0.103821 0.120911 0.000671387
-0.103821 0.120911 0.000671387
-0.103821 0.120911 0.000671387
-0.101379 0.123901 0.00512695
-0.101379 0.123901 0.00512695
-0.101379 0.123901 0.00512695
-0.101379 0.123901 0.00512695
-0.101379 0.123901 0.00512695
-0.101379 0.123901 0.00512695
-0.0986938 0.128296 0.00756836
-0.0986938 0.128296 0.00756836
-0.0986938 0.128296 0.00756836
-0.0986938 0.128296 0.00756836
-0.0986938 0.128296 0.00756836
-0.0931396 0.132202 0.0101929
-0.0931396 0.132202 0.0101929
-0.0931396 0.132202 0.0101929
-0.0931396 0.132202 0.0101929
-0.0931396 0.132202 0.0101929
-0.0964966 0.131958 0.0105591
-0.0964966 0.131958 0.0105591
-0.0964966 0.131958 0.0105591
-0.0964966 0.131958 0.0105591
-0.0964966 0.131958 0.0105591
-0.0929565 0.136292 0.0119629
-0.0929565 0.136292 0.0119629
-0.0929565 0.136292 0.0119629
-0.0929565 0.136292 0.0119629
-0.0929565 0.136292 0.0119629
-0.0942993 0.133728 0.0126953
-0.0942993 0.133728 0.0126953
-0.0942993 0.133728 0.0126953
-0.0942993 0.133728 0.0126953
-0.0942993 0.133728 0.0126953
-0.0942993 0.133728 0.0126953
-0.0937500 0.132080 0.0147705
-0.0937500 0.132080 0.0147705
-0.0937500 0.132080 0.0147705
-0.0937500 0.132080 0.0147705
-0.0937500 0.132080 0.0147705
-0.0933838 0.130310 0.0118408
-0.0933838 0.130310 0.0118408
-0.0933838 0.130310 0.0118408
-0.0933838 0.130310 0.0118408
-0.0933838 0.130310 0.0118408
-0.0951538 0.126099 0.00555420
-0.0951538 0.126099 0.00555420
-0.0951538 0.126099 0.00555420
-0.0951538 0.126099 0.00555420
-0.0951538 0.126099 0.00555420
-0.0951538 0.126099 0.00555420
-0.0951538 0.120117 0.00891113
-0.0951538 0.120117 0.00891113
-0.0951538 0.120117 0.00891113
-0.0951538 0.120117 0.00891113
-0.0951538 0.120117 0.00891113
-0.0951538 0.120117 0.00891113
-0.0955200 0.111755 -0.00250244
-0.0955200 0.111755 -0.00250244
-0.0955200 0.111755 -0.00250244
-0.0955200 0.111755 -0.00250244
-0.0978394 0.104248 -0.0114136
-0.0978394 0.104248 -0.0114136
-0.0978394 0.104248 -0.0114136
-0.0978394 0.104248 -0.0114136
-0.0978394 0.104248 -0.0114136
-0.0950317 0.0986328 -0.0186768
-0.0950317 0.0986328 -0.0186768
-0.0950317 0.0986328 -0.0186768
-0.0950317 0.0986328 -0.0186768
-0.0950317 0.0986328 -0.0186768
-0.0949097 0.0901489 -0.0307007
-0.0949097 0.0901489 -0.0307007
-0.0949097 0.0901489 -0.0307007
-0.0949097 0.0901489 -0.0307007
-0.0949097 0.0901489 -0.0307007
-0.0928345 0.0834961 -0.0378418
-0.0928345 0.0834961 -0.0378418
-0.0928345 0.0834961 -0.0378418
-0.0928345 0.0834961 -0.0378418
-0.0928345 0.0834961 -0.0378418
-0.0928345 0.0834961 -0.0378418
-0.0898438 0.0798950 -0.0506592
-0.0898438 0.0798950 -0.0506592
-0.0898438 0.0798950 -0.0506592
-0.0898438 0.0798950 -0.0506592
-0.0898438 0.0798950 -0.0506592
-0.0850830 0.0755615 -0.0598145
-0.0850830 0.0755615 -0.0598145
-0.0850830 0.0755615 -0.0598145
-0.0850830 0.0755615 -0.0598145
-0.0850830 0.0755615 -0.0598145
-0.0830078 0.0699463 -0.0755005
-0.0830078 0.0699463 -0.0755005
-0.0830078 0.0699463 -0.0755005
-0.0830078 0.0699463 -0.0755005
-0.0830078 0.0699463 -0.0755005
-0.0825806 0.0689087 -0.0835571
-0.0825806 0.0689087 -0.0835571
-0.0825806 0.0689087 -0.0835571
-0.0825806 0.0689087 -0.0835571
-0.0825806 0.0689087 -0.0835571
-0.0845337 0.0681763 -0.0995483
-0.0845337 0.0681763 -0.0995483
-0.0845337 0.0681763 -0.0995483
-0.0845337 0.0681763 -0.0995483
-0.0845337 0.0681763 -0.0995483
-0.0845337 0.0681763 -0.0995483
-0.0828247 0.0663452 -0.104126
-0.0828247 0.0663452 -0.104126
-0.0828247 0.0663452 -0.104126
-0.0828247 0.0663452 -0.104126
-0.0828247 0.0663452 -0.104126
-0.0867310 0.0686035 -0.111023
-0.0867310 0.0686035 -0.111023
-0.0867310 0.0686035 -0.111023
-0.0867310 0.0686035 -0.111023
-0.0867310 0.0686035 -0.111023
-0.0842285 0.0681152 -0.116272
-0.0842285 0.0681152 -0.116272
-0.0842285 0.0681152 -0.116272
-0.0842285 0.0681152 -0.116272
-0.0842285 0.0681152 -0.116272
-0.0827637 0.0678711 -0.111938
-0.0827637 0.0678711 -0.111938
-0.0827637 0.0678711 -0.111938
-0.0827637 0.0678711 -0.111938
-0.0827637 0.0678711 -0.111938
-0.0859985 0.0695801 -0.117798
-0.0859985 0.0695801 -0.117798
-0.0859985 0.0695801 -0.117798
-0.0859985 0.0695801 -0.117798
-0.0859985 0.0695801 -0.117798
-0.0859985 0.0695801 -0.117798
-0.0836182 0.0695190 -0.113647
-0.0836182 0.0695190 -0.113647
-0.0836182 0.0695190 -0.113647
-0.0836182 0.0695190 -0.113647
-0.0836182 0.0695190 -0.113647
-0.0833130 0.0693359 -0.113220
-0.0833130 0.0693359 -0.113220
-0.0833130 0.0693359 -0.113220
-0.0833130 0.0693359 -0.113220
-0.0833130 0.0693359 -0.113220
-0.0854492 0.0703735 -0.113342
-0.0854492 0.0703735 -0.113342
-0.0854492 0.0703735 -0.113342
-0.0854492 0.0703735 -0.113342
-0.0854492 0.0703735 -0.113342
-0.0834961 0.0679321 -0.112976
-0.0834961 0.0679321 -0.112976
-0.0834961 0.0679321 -0.112976
-0.0834961 0.0679321 -0.112976
-0.0834961 0.0679321 -0.112976
-0.0834961 0.0679321 -0.112976
-0.0855103 0.0662842 -0.110901
-0.0855103 0.0662842 -0.110901
-0.0855103 0.0662842 -0.110901
-0.0855103 0.0662842 -0.110901
-0.0855103 0.0662842 -0.110901
-0.0847778 0.0674438 -0.109253
-0.0847778 0.0674438 -0.109253
-0.0847778 0.0674438 -0.109253
-0.0847778 0.0674438 -0.109253
-0.0847778 0.0674438 -0.109253
-0.0828247 0.0618286 -0.110352
-0.0828247 0.0618286 -0.110352
-0.0828247 0.0618286 -0.110352
-0.0828247 0.0618286 -0.110352
-0.0828247 0.0618286 -0.110352
-0.0836792 0.0677490 -0.116089
-0.0836792 0.0677490 -0.116089
-0.0836792 0.0677490 -0.116089
-0.0836792 0.0677490 -0.116089
-0.0836792 0.0677490 -0.116089
-0.0812988 0.0682373 -0.112000
-0.0812988 0.0682373 -0.112000
-0.0812988 0.0682373 -0.112000
-0.0812988 0.0682373 -0.112000
-0.0812988 0.0682373 -0.112000
-0.0812988 0.0682373 -0.112000
-0.0854492 0.0682983 -0.113831
-0.0854492 0.0682983 -0.113831
-0.0854492 0.0682983 -0.113831
-0.0854492 0.0682983 -0.113831
-0.0854492 0.0682983 -0.113831
-0.0844116 0.0648804 -0.111633
-0.0844116 0.0648804 -0.111633
-0.0844116 0.0648804 -0.111633
-0.0844116 0.0648804 -0.111633
-0.0844116 0.0648804 -0.111633
-0.0860596 0.0623779 -0.113770
-0.0860596 0.0623779 -0.113770
-0.0860596 0.0623779 -0.113770
-0.0860596 0.0623779 -0.113770
-0.0860596 0.0623779 -0.113770
-0.0852661 0.0687866 -0.117249
-0.0852661 0.0687866 -0.117249
-0.0852661 0.0687866 -0.117249
-0.0852661 0.0687866 -0.117249
-0.0852661 0.0687866 -0.117249
-0.0839844 0.0676880 -0.114502
-0.0839844 0.0676880 -0.114502
-0.0839844 0.0676880 -0.114502
-0.0839844 0.0676880 -0.114502
-0.0839844 0.0676880 -0.114502
-0.0839844 0.0676880 -0.114502
-0.0848999 0.0679321 -0.113708
-0.0848999 0.0679321 -0.113708
-0.0848999 0.0679321 -0.113708
-0.0848999 0.0679321 -0.113708
-0.0848999 0.0679321 -0.113708
-0.0834961 0.0679321 -0.109558
-0.0834961 0.0679321 -0.109558
-0.0834961 0.0679321 -0.109558
-0.0834961 0.0679321 -0.109558
-0.0834961 0.0679321 -0.109558
-0.0837402 0.0697632 -0.102844
-0.0837402 0.0697632 -0.102844
-0.0837402 0.0697632 -0.102844
-0.0837402 0.0697632 -0.102844
-0.0837402 0.0697632 -0.102844
-0.0823364 0.0696411 -0.0906982
-0.0823364 0.0696411 -0.0906982
-0.0823364 0.0696411 -0.0906982
-0.0823364 0.0696411 -0.0906982
-0.0823364 0.0696411 -0.0906982
-0.0799561 0.0709229 -0.0755615
-0.0799561 0.0709229 -0.0755615
-0.0799561 0.0709229 -0.0755615
-0.0799561 0.0709229 -0.0755615
-0.0799561 0.0709229 -0.0755615
-0.0799561 0.0709229 -0.0755615
-0.0803223 0.0750732 -0.0621948
-0.0803223 0.0750732 -0.0621948
-0.0803223 0.0750732 -0.0621948
-0.0803223 0.0750732 -0.0621948
-0.0803223 0.0750732 -0.0621948
-0.0828247 0.0796509 -0.0544434
-0.0828247 0.0796509 -0.0544434
-0.0828247 0.0796509 -0.0544434
-0.0828247 0.0796509 -0.0544434
-0.0828247 0.0796509 -0.0544434
-0.0863647 0.0836182 -0.0448608
-0.0863647 0.0836182 -0.0448608
-0.0863647 0.0836182 -0.0448608
-0.0863647 0.0836182 -0.0448608
-0.0863647 0.0836182 -0.0448608
-0.0898438 0.0855103 -0.0358276
-0.0898438 0.0855103 -0.0358276
-0.0898438 0.0855103 -0.0358276
-0.0898438 0.0855103 -0.0358276
-0.0898438 0.0855103 -0.0358276
-0.0921631 0.0890503 -0.0275269
-0.0921631 0.0890503 -0.0275269
-0.0921631 0.0890503 -0.0275269
-0.0921631 0.0890503 -0.0275269
-0.0921631 0.0890503 -0.0275269
-0.0921631 0.0890503 -0.0275269
-0.0918579 0.0982056 -0.0136719
-0.0918579 0.0982056 -0.0136719
-0.0918579 0.0982056 -0.0136719
-0.0918579 0.0982056 -0.0136719
-0.0918579 0.0982056 -0.0136719
-0.0952759 0.102661 -0.00567627
-0.0952759 0.102661 -0.00567627
-0.0952759 0.102661 -0.00567627
-0.0952759 0.102661 -0.00567627
-0.0952759 0.102661 -0.00567627
-0.0947266 0.107483 -0.00280762
-0.0947266 0.107483 -0.00280762
-0.0947266 0.107483 -0.00280762
-0.0947266 0.107483 -0.00280762
-0.0947266 0.107483 -0.00280762
-0.0914307 0.111267 0.00158691
-0.0914307 0.111267 0.00158691
-0.0914307 0.111267 0.00158691
-0.0914307 0.111267 0.00158691
-0.0914307 0.111267 0.00158691
-0.0914307 0.111267 0.00158691
-0.0922241 0.117126 0.00677490
-0.0922241 0.117126 0.00677490
-0.0922241 0.117126 0.00677490
-0.0922241 0.117126 0.00677490
-0.0922241 0.117126 0.00677490
-0.0906982 0.122375 0.0111084
-0.0906982 0.122375 0.0111084
-0.0906982 0.122375 0.0111084
-0.0906982 0.122375 0.0111084
-0.0906982 0.122375 0.0111084
-0.0876465 0.127869 0.0105591
-0.0876465 0.127869 0.0105591
-0.0876465 0.127869 0.0105591
-0.0876465 0.127869 0.0105591
-0.0876465 0.127869 0.0105591
-0.0876465 0.127869 0.0105591
-0.0867920 0.129456 0.0107422
-0.0867920 0.129456 0.0107422
-0.0867920 0.129456 0.0107422
-0.0867920 0.129456 0.0107422
-0.0859375 0.131592 0.00964355
-0.0859375 0.131592 0.00964355
-0.0859375 0.131592 0.00964355
-0.0859375 0.131592 0.00964355
-0.0859375 0.131592 0.00964355
-0.0859375 0.131592 0.00964355
-0.0838013 0.133240 0.00976562
-0.0838013 0.133240 0.00976562
-0.0838013 0.133240 0.00976562
-0.0838013 0.133240 0.00976562
-0.0838013 0.133240 0.00976562
-0.0861206 0.132263 0.0115967
-0.0861206 0.132263 0.0115967
-0.0861206 0.132263 0.0115967
-0.0861206 0.132263 0.0115967
-0.0861206 0.132263 0.0115967
-0.0870361 0.127502 0.0114136
-0.0870361 0.127502 0.0114136
-0.0870361 0.127502 0.0114136
-0.0870361 0.127502 0.0114136
-0.0870361 0.127502 0.0114136
-0.0874634 0.128296 0.00671387
-0.0874634 0.128296 0.00671387
-0.0874634 0.128296 0.00671387
-0.0874634 0.128296 0.00671387
-0.0874634 0.128296 0.00671387
-0.0874634 0.128296 0.00671387
-0.0860596 0.124084 0.00579834
-0.0860596 0.124084 0.00579834
-0.0860596 0.124084 0.00579834
-0.0860596 0.124084 0.00579834
-0.0860596 0.124084 0.00579834
-0.0924683 0.118286 0.00128174
-0.0924683 0.118286 0.00128174
-0.0924683 0.118286 0.00128174
-0.0924683 0.118286 0.00128174
-0.0924683 0.118286 0.00128174
-0.0908203 0.111267 -0.00506592
-0.0908203 0.111267 -0.00506592
-0.0908203 0.111267 -0.00506592
-0.0908203 0.111267 -0.00506592
-0.0908203 0.111267 -0.00506592
-0.0927124 0.0953369 -0.0130005
-0.0927124 0.0953369 -0.0130005
-0.0927124 0.0953369 -0.0130005
-0.0927124 0.0953369 -0.0130005
-0.0927124 0.0953369 -0.0130005
-0.0905151 0.0929565 -0.0220337
-0.0905151 0.0929565 -0.0220337
-0.0905151 0.0929565 -0.0220337
-0.0905151 0.0929565 -0.0220337
-0.0905151 0.0929565 -0.0220337
-0.0918579 0.0887451 -0.0337524
-0.0918579 0.0887451 -0.0337524
-0.0918579 0.0887451 -0.0337524
-0.0918579 0.0887451 -0.0337524
-0.0918579 0.0887451 -0.0337524
-0.0918579 0.0887451 -0.0337524
-0.0888672 0.0838623 -0.0461426
-0.0888672 0.0838623 -0.0461426
-0.0888672 0.0838623 -0.0461426
-0.0888672 0.0838623 -0.0461426
-0.0888672 0.0838623 -0.0461426
-0.0840454 0.0801392 -0.0577393
-0.0840454 0.0801392 -0.0577393
-0.0840454 0.0801392 -0.0577393
-0.0840454 0.0801392 -0.0577393
-0.0840454 0.0801392 -0.0577393
-0.0809937 0.0773926 -0.0667114
-0.0809937 0.0773926 -0.0667114
-0.0809937 0.0773926 -0.0667114
-0.0809937 0.0773926 -0.0667114
-0.0809937 0.0773926 -0.0667114
-0.0829468 0.0728760 -0.0769043
-0.0829468 0.0728760 -0.0769043
-0.0829468 0.0728760 -0.0769043
-0.0829468 0.0728760 -0.0769043
-0.0829468 0.0728760 -0.0769043
-0.0829468 0.0728760 -0.0769043
-0.0825195 0.0678711 -0.0865479
-0.0825195 0.0678711 -0.0865479
-0.0825195 0.0678711 -0.0865479
-0.0825195 0.0678711 -0.0865479
-0.0825195 0.0678711 -0.0865479
-0.0805054 0.0697632 -0.0922852
-0.0805054 0.0697632 -0.0922852
-0.0805054 0.0697632 -0.0922852
-0.0805054 0.0697632 -0.0922852
-0.0805054 0.0697632 -0.0922852
-0.0809326 0.0705566 -0.0980225
-0.0809326 0.0705566 -0.0980225
-0.0809326 0.0705566 -0.0980225
-0.0809326 0.0705566 -0.0980225
-0.0809326 0.0705566 -0.0980225
-0.0830688 0.0680542 -0.105530
-0.0830688 0.0680542 -0.105530
-0.0830688 0.0680542 -0.105530
-0.0830688 0.0680542 -0.105530
-0.0830688 0.0680542 -0.105530
-0.0844116 0.0674438 -0.109375
-0.0844116 0.0674438 -0.109375
-0.0844116 0.0674438 -0.109375
-0.0844116 0.0674438 -0.109375
-0.0844116 0.0674438 -0.109375
-0.0844116 0.0674438 -0.109375
-0.0841675 0.0674438 -0.109497
-0.0841675 0.0674438 -0.109497
-0.0841675 0.0674438 -0.109497
-0.0841675 0.0674438 -0.109497
-0.0841675 0.0674438 -0.109497
-0.0847778 0.0703735 -0.105530
-0.0847778 0.0703735 -0.105530
-0.0847778 0.0703735 -0.105530
-0.0847778 0.0703735 -0.105530
-0.0847778 0.0703735 -0.105530
-0.0842285 0.0645752 -0.108459
-0.0842285 0.0645752 -0.108459
-0.0842285 0.0645752 -0.108459
-0.0842285 0.0645752 -0.108459
-0.0842285 0.0645752 -0.108459
-0.0855103 0.0703125 -0.104919
-0.0855103 0.0703125 -0.104919
-0.0855103 0.0703125 -0.104919
-0.0855103 0.0703125 -0.104919
-0.0855103 0.0703125 -0.104919
-0.0855103 0.0678711 -0.109009
-0.0855103 0.0678711 -0.109009
-0.0855103 0.0678711 -0.109009
-0.0855103 0.0678711 -0.109009
-0.0855103 0.0678711 -0.109009
-0.0855103 0.0678711 -0.109009
-0.0863647 0.0662231 -0.107178
-0.0863647 0.0662231 -0.107178
-0.0863647 0.0662231 -0.107178
-0.0863647 0.0662231 -0.107178
-0.0863647 0.0662231 -0.107178
-0.0865479 0.0671997 -0.111938
-0.0865479 0.0671997 -0.111938
-0.0865479 0.0671997 -0.111938
-0.0865479 0.0671997 -0.111938
-0.0865479 0.0671997 -0.111938
-0.0853882 0.0670776 -0.108643
-0.0853882 0.0670776 -0.108643
-0.0853882 0.0670776 -0.108643
-0.0853882 0.0670776 -0.108643
-0.0853882 0.0670776 -0.108643
-0.0873413 0.0662231 -0.108032
-0.0873413 0.0662231 -0.108032
-0.0873413 0.0662231 -0.108032
-0.0873413 0.0662231 -0.108032
-0.0873413 0.0662231 -0.108032
-0.0872803 0.0676880 -0.107239
-0.0872803 0.0676880 -0.107239
-0.0872803 0.0676880 -0.107239
-0.0872803 0.0676880 -0.107239
-0.0872803 0.0676880 -0.107239
-0.0872803 0.0676880 -0.107239
-0.0872803 0.0676270 -0.106628
-0.0872803 0.0676270 -0.106628
-0.0872803 0.0676270 -0.106628
-0.0872803 0.0676270 -0.106628
-0.0872803 0.0676270 -0.106628
-0.0878906 0.0664062 -0.111633
-0.0878906 0.0664062 -0.111633
-0.0878906 0.0664062 -0.111633
-0.0878906 0.0664062 -0.111633
-0.0878906 0.0664062 -0.111633
-0.0858765 0.0686035 -0.107544
-0.0858765 0.0686035 -0.107544
-0.0858765 0.0686035 -0.107544
-0.0858765 0.0686035 -0.107544
-0.0858765 0.0686035 -0.107544
-0.0866699 0.0680542 -0.109070
-0.0866699 0.0680542 -0.109070
-0.0866699 0.0680542 -0.109070
-0.0866699 0.0680542 -0.109070
-0.0866699 0.0680542 -0.109070
-0.0870361 0.0680542 -0.107178
-0.0870361 0.0666504 -0.107178
-0.0870361 0.0666504 -0.107178
-0.0870361 0.0666504 -0.107178
-0.0870361 0.0666504 -0.107178
-0.0870361 0.0666504 -0.107178
-0.0867920 0.0678101 -0.106384
-0.0867920 0.0678101 -0.106384
-0.0867920 0.0678101 -0.106384
-0.0867920 0.0678101 -0.106384
-0.0867920 0.0678101 -0.106384
-0.0870361 0.0667114 -0.106506
-0.0870361 0.0667114 -0.106506
-0.0870361 0.0667114 -0.106506
-0.0870361 0.0667114 -0.106506
-0.0870361 0.0667114 -0.106506
-0.0882568 0.0682373 -0.108459
-0.0882568 0.0682373 -0.108459
-0.0882568 0.0682373 -0.108459
-0.0882568 0.0682373 -0.108459
-0.0882568 0.0682373 -0.108459
-0.0840454 0.0661011 -0.0995483
-0.0840454 0.0661011 -0.0995483
-0.0840454 0.0661011 -0.0995483
-0.0840454 0.0661011 -0.0995483
-0.0840454 0.0661011 -0.0995483
-0.0840454 0.0661011 -0.0995483
-0.0844727 0.0697021 -0.0927124
-0.0844727 0.0697021 -0.0927124
-0.0844727 0.0697021 -0.0927124
-0.0844727 0.0697021 -0.0927124
-0.0844727 0.0697021 -0.0927124
-0.0831909 0.0709839 -0.0833740
-0.0831909 0.0709839 -0.0833740
-0.0831909 0.0709839 -0.0833740
-0.0831909 0.0709839 -0.0833740
-0.0831909 0.0709839 -0.0833740
-0.0842285 0.0713501 -0.0681763
-0.0842285 0.0713501 -0.0681763
-0.0842285 0.0713501 -0.0681763
-0.0842285 0.0713501 -0.0681763
-0.0842285 0.0713501 -0.0681763
-0.0853882 0.0764771 -0.0581665
-0.0853882 0.0764771 -0.0581665
-0.0853882 0.0764771 -0.0581665
-0.0853882 0.0764771 -0.0581665
-0.0853882 0.0764771 -0.0581665
-0.0870972 0.0825806 -0.0465698
-0.0870972 0.0825806 -0.0465698
-0.0870972 0.0825806 -0.0465698
-0.0870972 0.0825806 -0.0465698
-0.0870972 0.0825806 -0.0465698
-0.0870972 0.0825806 -0.0465698
-0.0892944 0.0911255 -0.0275269
-0.0892944 0.0911255 -0.0275269
-0.0892944 0.0911255 -0.0275269
-0.0892944 0.0911255 -0.0275269
-0.0892944 0.0911255 -0.0275269
-0.0916138 0.0966797 -0.0198364
-0.0916138 0.0966797 -0.0198364
-0.0916138 0.0966797 -0.0198364
-0.0916138 0.0966797 -0.0198364
-0.0916138 0.0966797 -0.0198364
-0.0943604 0.105103 -0.0120239
-0.0943604 0.105103 -0.0120239
-0.0943604 0.105103 -0.0120239
-0.0943604 0.105103 -0.0120239
-0.0943604 0.105103 -0.0120239
-0.0946045 0.114990 -0.00390625
-0.0946045 0.114990 -0.00390625
-0.0946045 0.114990 -0.00390625
-0.0946045 0.114990 -0.00390625
-0.0946045 0.114990 -0.00390625
-0.0928955 0.117004 0.00457764
-0.0928955 0.117004 0.00457764
-0.0928955 0.117004 0.00457764
-0.0928955 0.117004 0.00457764
-0.0928955 0.117004 0.00457764
-0.0928955 0.117004 0.00457764
-0.0928955 0.117004 0.00457764
-0.0928955 0.117004 0.00457764
-0.0870361 0.127930 0.00665283
-0.0870361 0.127930 0.00665283
-0.0870361 0.127930 0.00665283
-0.0834961 0.135620 0.0109863
-0.0834961 0.135620 0.0109863
-0.0834961 0.135620 0.0109863
-0.0834961 0.135620 0.0109863
-0.0834961 0.135620 0.0109863
-0.0838623 0.135193 0.0119019
-0.0838623 0.135193 0.0119019
-0.0838623 0.135193 0.0119019
-0.0838623 0.135193 0.0119019
-0.0838623 0.135193 0.0119019
-0.0825195 0.138184 0.0104370
-0.0825195 0.138184 0.0104370
-0.0825195 0.138184 0.0104370
-0.0825195 0.138184 0.0104370
-0.0825195 0.138184 0.0104370
-0.0823364 0.136292 0.0166016
-0.0823364 0.136292 0.0166016
-0.0823364 0.136292 0.0166016
-0.0823364 0.136292 0.0166016
-0.0823364 0.136292 0.0166016
-0.0823364 0.136292 0.0166016
-0.0828247 0.136353 0.0135498
-0.0828247 0.136353 0.0135498
-0.0828247 0.136353 0.0135498
-0.0828247 0.136353 0.0135498
-0.0828247 0.136353 0.0135498
-0.0802612 0.131165 0.0119629
-0.0802612 0.131165 0.0119629
-0.0802612 0.131165 0.0119629
-0.0802612 0.131165 0.0119629
-0.0802612 0.131165 0.0119629
-0.0802612 0.131165 0.0119629
-0.0855713 0.131348 0.00616455
-0.0855713 0.131348 0.00616455
-0.0855713 0.131348 0.00616455
-0.0855713 0.131348 0.00616455
-0.0863037 0.126160 0.00958252
-0.0863037 0.126160 0.00958252
-0.0863037 0.126160 0.00958252
-0.0863037 0.126160 0.00958252
-0.0863037 0.126160 0.00958252
-0.0863037 0.126160 0.00958252
-0.0897827 0.119873 0.00317383
-0.0897827 0.119873 0.00317383
-0.0897827 0.119873 0.00317383
-0.0897827 0.119873 0.00317383
-0.0897827 0.119873 0.00317383
-0.0909424 0.116821 -0.00183105
-0.0909424 0.116821 -0.00183105
-0.0909424 0.116821 -0.00183105
-0.0909424 0.116821 -0.00183105
-0.0909424 0.116821 -0.00183105
-0.0933228 0.106873 -0.0104980
-0.0933228 0.106873 -0.0104980
-0.0933228 0.106873 -0.0104980
-0.0933228 0.106873 -0.0104980
-0.0933228 0.106873 -0.0104980
-0.0914917 0.0979614 -0.0177002
-0.0914917 0.0979614 -0.0177002
-0.0914917 0.0979614 -0.0177002
-0.0914917 0.0979614 -0.0177002
-0.0914917 0.0979614 -0.0177002
-0.0930786 0.0914917 -0.0300903
-0.0930786 0.0914917 -0.0300903
-0.0930786 0.0914917 -0.0300903
-0.0930786 0.0914917 -0.0300903
-0.0930786 0.0914917 -0.0300903
-0.0930786 0.0914917 -0.0300903
-0.0894165 0.0848999 -0.0401611
-0.0894165 0.0848999 -0.0401611
-0.0894165 0.0848999 -0.0401611
-0.0894165 0.0848999 -0.0401611
-0.0894165 0.0848999 -0.0401611
-0.0855713 0.0823975 -0.0521851
-0.0855713 0.0823975 -0.0521851
-0.0855713 0.0823975 -0.0521851
-0.0855713 0.0823975 -0.0521851
-0.0855713 0.0823975 -0.0521851
-0.0826416 0.0718384 -0.0609131
-0.0826416 0.0718384 -0.0609131
-0.0826416 0.0718384 -0.0609131
-0.0826416 0.0718384 -0.0609131
-0.0826416 0.0718384 -0.0609131
-0.0850220 0.0729370 -0.0731201
-0.0850220 0.0729370 -0.0731201
-0.0850220 0.0729370 -0.0731201
-0.0850220 0.0729370 -0.0731201
-0.0850220 0.0729370 -0.0731201
-0.0845337 0.0703735 -0.0836792
-0.0845337 0.0703735 -0.0836792
-0.0845337 0.0703735 -0.0836792
-0.0845337 0.0703735 -0.0836792
-0.0845337 0.0703735 -0.0836792
-0.0845337 0.0703735 -0.0836792
-0.0839233 0.0671387 -0.0869751
-0.0839233 0.0671387 -0.0869751
-0.0839233 0.0671387 -0.0869751
-0.0839233 0.0671387 -0.0869751
-0.0839233 0.0671387 -0.0869751
-0.0835571 0.0682373 -0.101196
-0.0835571 0.0682373 -0.101196
-0.0835571 0.0682373 -0.101196
-0.0835571 0.0682373 -0.101196
-0.0835571 0.0682373 -0.101196
-0.0852661 0.0676270 -0.102173
-0.0852661 0.0676270 -0.102173
-0.0852661 0.0676270 -0.102173
-0.0852661 0.0676270 -0.102173
-0.0852661 0.0676270 -0.102173
-0.0831299 0.0679321 -0.106323
-0.0831299 0.0679321 -0.106323
-0.0831299 0.0679321 -0.106323
-0.0831299 0.0679321 -0.106323
-0.0831299 0.0679321 -0.106323
-0.0842896 0.0657349 -0.106201
-0.0842896 0.0657349 -0.106201
-0.0842896 0.0657349 -0.106201
-0.0842896 0.0657349 -0.106201
-0.0842896 0.0657349 -0.106201
-0.0842896 0.0657349 -0.106201
-0.0858765 0.0621338 -0.105530
-0.0858765 0.0621338 -0.105530
-0.0858765 0.0621338 -0.105530
-0.0858765 0.0621338 -0.105530
-0.0858765 0.0621338 -0.105530
-0.0835571 0.0682983 -0.105469
-0.0835571 0.0682983 -0.105469
-0.0835571 0.0682983 -0.105469
-0.0835571 0.0682983 -0.105469
-0.0835571 0.0682983 -0.105469
-0.0859375 0.0671387 -0.105530
-0.0859375 0.0671387 -0.105530
-0.0859375 0.0671387 -0.105530
-0.0859375 0.0671387 -0.105530
-0.0859375 0.0671387 -0.105530
-0.0859375 0.0671387 -0.105530
-0.0870972 0.0649414 -0.107483
-0.0870972 0.0649414 -0.107483
-0.0870972 0.0649414 -0.107483
-0.0870972 0.0649414 -0.107483
-0.0870972 0.0649414 -0.107483
-0.0847168 0.0637817 -0.108154
-0.0847168 0.0637817 -0.108154
-0.0847168 0.0637817 -0.108154
-0.0847168 0.0637817 -0.108154
-0.0847168 0.0637817 -0.108154
-0.0864868 0.0646973 -0.108521
-0.0864868 0.0646973 -0.108521
-0.0864868 0.0646973 -0.108521
-0.0864868 0.0646973 -0.108521
-0.0864868 0.0646973 -0.108521
-0.0866699 0.0585327 -0.110229
-0.0866699 0.0585327 -0.110229
-0.0866699 0.0585327 -0.110229
-0.0866699 0.0585327 -0.110229
-0.0866699 0.0585327 -0.110229
-0.0852661 0.0635376 -0.110596
-0.0852661 0.0635376 -0.110596
-0.0852661 0.0635376 -0.110596
-0.0852661 0.0635376 -0.110596
-0.0852661 0.0635376 -0.110596
-0.0864258 0.0642090 -0.109375
-0.0864258 0.0642090 -0.109375
-0.0864258 0.0642090 -0.109375
-0.0864258 0.0642090 -0.109375
-0.0864258 0.0642090 -0.109375
-0.0864258 0.0642090 -0.109375
-0.0852661 0.0643311 -0.112061
-0.0852661 0.0643311 -0.112061
-0.0852661 0.0643311 -0.112061
-0.0852661 0.0643311 -0.112061
-0.0852661 0.0643311 -0.112061
-0.0851440 0.0629883 -0.111633
-0.0851440 0.0629883 -0.111633
-0.0851440 0.0629883 -0.111633
-0.0851440 0.0629883 -0.111633
-0.0851440 0.0629883 -0.111633
-0.0868530 0.0602417 -0.111084
-0.0868530 0.0602417 -0.111084
-0.0868530 0.0602417 -0.111084
-0.0868530 0.0602417 -0.111084
-0.0868530 0.0602417 -0.111084
-0.0855103 0.0665894 -0.111877
-0.0855103 0.0665894 -0.111877
-0.0855103 0.0665894 -0.111877
-0.0855103 0.0665894 -0.111877
-0.0855103 0.0665894 -0.111877
-0.0858765 0.0650024 -0.110962
-0.0858765 0.0650024 -0.110962
-0.0858765 0.0650024 -0.110962
-0.0858765 0.0650024 -0.110962
-0.0858765 0.0650024 -0.110962
-0.0858765 0.0650024 -0.110962
-0.0849609 0.0639648 -0.107727
-0.0849609 0.0639648 -0.107727
-0.0849609 0.0639648 -0.107727
-0.0849609 0.0639648 -0.107727
